depth-data/MillBrook/MillBrock/millbrook_DTM_5m_resample1m.asc
ncols        400
nrows        400
xllcorner    241000.000000000000
yllcorner    51000.000000000000
cellsize     5.000000000000
NODATA_value  -9999
[rows 171 to 189 of 400, columns 0 to 43 of 400]
79.529998779296875 79.449996948242188 79.30999755859375 79.160003662109375 78.910003662109375 78.75 78.55999755859375 78.279998779296875 78.029998779296875 77.739997863769531 77.44000244140625 77.120002746582031 76.80999755859375 76.410003662109375 75.970001220703125 75.449996948242188 74.849998474121094 74.230003356933594 73.620002746582031 72.919998168945313 72.370002746582031 70.989997863769531 69.050003051757813 67.300003051757813 65.650001525878906 63.669998168945313 61.819999694824219 59.819999694824219 57.830001831054688 56.270000457763672 54.029998779296875 51.560001373291016 48.240001678466797 48.729999542236328 48.630001068115234 48.659999847412109 48.430000305175781 48.409999847412109 48.450000762939453 48.380001068115234 48.450000762939453 48.209999084472656 47.930000305175781 47.880001068115234
79.050003051757813 78.94000244140625 78.80999755859375 78.620002746582031 78.410003662109375 78.220001220703125 77.989997863769531 77.730003356933594 77.5 77.220001220703125 76.94000244140625 76.599998474121094 76.220001220703125 75.94000244140625 75.459999084472656 75.099998474121094 74.449996948242188 73.769996643066406 73.110000610351563 72.19000244140625 71.279998779296875 70.129997253417969 68.830001831054688 66.819999694824219 64.980003356933594 63.240001678466797 61.330001831054688 59.430000305175781 57.630001068115234 55.729999542236328 53.959999084472656 51.630001068115234 48.25 48.049999237060547 47.900001525878906 48.180000305175781 48.290000915527344 48.439998626708984 48.259998321533203 48.369998931884766 48.540000915527344 48.729999542236328 48.599998474121094 48.619998931884766
78.639999389648437 78.519996643066406 78.379997253417969 78.209999084472656 77.980003356933594 77.760002136230469 77.449996948242187 77.230003356933594 76.970001220703125 76.709999084472656 76.410003662109375 76.160003662109375 75.819999694824219 75.480003356933594 74.919998168945313 74.480003356933594 74 73.360000610351563 72.599998474121094 71.669998168945313 70.569999694824219 69.290000915527344 67.849998474121094 66.480003356933594 64.830001831054688 63.049999237060547 61.099998474121094 59.200000762939453 57.439998626708984 55.479999542236328 53.689998626708984 52.009998321533203 49.259998321533203 47.729999542236328 47.229999542236328 46.459999084472656 46.450000762939453 46.619998931884766 46.799999237060547 47.020000457763672 47.330001831054687 47.580001831054688 47.779998779296875 48.479999542236328
78.19000244140625 78.010002136230469 77.80999755859375 77.680000305175781 77.650001525878906 77.430000305175781 77.139999389648438 76.80999755859375 76.470001220703125 76.220001220703125 76.050003051757812 75.800003051757813 75.449996948242188 75.120002746582031 74.699996948242187 74.209999084472656 73.650001525878906 72.949996948242187 72.25 71.379997253417969 70.30999755859375 69.129997253417969 67.650001525878906 65.94000244140625 64.160003662109375 62.419998168945312 60.970001220703125 58.790000915527344 57.020000457763672 55.25 53.349998474121094 51.580001831054688 49.770000457763672 47.909999847412109 47.150001525878906 45.759998321533203 45.180000305175781 44.959999084472656 45.029998779296875 45.400001525878906 45.330001831054687 45.659999847412109 45.779998779296875 46.290000915527344
77.720001220703125 77.510002136230469 77.339996337890625 77.180000305175781 77.05999755859375 76.930000305175781 76.75 76.540000915527344 76.25 76.040000915527344 75.769996643066406 75.470001220703125 75.129997253417969 74.75 74.319999694824219 73.849998474121094 73.30999755859375 72.660003662109375 71.930000305175781 71.05999755859375 70.010002136230469 68.889999389648438 67.470001220703125 65.790000915527344 63.970001220703125 62.080001831054688 60.529998779296875 58.529998779296875 56.5 55.080001831054688 53.130001068115234 51.349998474121094 49.630001068115234 47.060001373291016 46.009998321533203 45.889999389648437 45.029998779296875 44.740001678466797 44.560001373291016 44.5 44.610000610351563 44.650001525878906 44.790000915527344 46.099998474121094
77.260002136230469 77.160003662109375 76.860000610351563 76.860000610351563 76.830001831054688 76.620002746582031 76.430000305175781 76.209999084472656 75.959999084472656 75.699996948242188 75.410003662109375 75.129997253417969 74.790000915527344 74.430000305175781 74 73.5 72.949996948242187 72.300003051757813 71.599998474121094 70.769996643066406 69.769996643066406 68.610000610351563 67.199996948242187 65.55999755859375 63.740001678466797 61.840000152587891 60.229999542236328 58.360000610351563 55.950000762939453 54.430000305175781 52.680000305175781 50.909999847412109 49.259998321533203 46.939998626708984 45.520000457763672 45.229999542236328 44.569999694824219 44.900001525878906 44.569999694824219 44.290000915527344 44.304000854492188 44.380001068115234 44.509998321533203 45.599998474121094
76.819999694824219 76.599998474121094 76.44000244140625 76.419998168945313 76.330001831054687 76.209999084472656 76.019996643066406 75.790000915527344 75.55999755859375 75.30999755859375 75.019996643066406 74.730003356933594 74.410003662109375 74.080001831054687 73.669998168945313 73.180000305175781 72.620002746582031 72.029998779296875 71.360000610351563 70.519996643066406 69.55999755859375 68.44000244140625 67.040000915527344 65.360000610351562 63.470001220703125 61.569999694824219 59.900001525878906 58.090000152587891 55.680000305175781 54.029998779296875 52.150001525878906 50.529998779296875 48.849998474121094 47.290000915527344 45.970001220703125 44.509998321533203 43.740001678466797 44.159999847412109 44.580001831054687 44.619998931884766 44.360000610351563 44.869998931884766 44.740001678466797 45.060001373291016
76.300003051757813 76.160003662109375 75.949996948242188 75.910003662109375 75.849998474121094 75.709999084472656 75.510002136230469 75.30999755859375 75.080001831054688 74.860000610351563 74.620002746582031 74.330001831054688 74 73.69000244140625 73.30999755859375 72.849998474121094 72.349998474121094 71.80999755859375 71.160003662109375 70.319999694824219 69.400001525878906 68.279998779296875 66.860000610351563 65.129997253417969 63.25 61.319999694824219 59.720001220703125 57.470001220703125 55.270000457763672 53.619998931884766 51.700000762939453 50 48.540000915527344 47.139999389648438 46.299999237060547 45.240001678466797 42.970001220703125 43.540000915527344 44.209999084472656 44.240001678466797 44.380001068115234 44.259998321533203 44.709999084472656 45.060001373291016
75.769996643066406 75.519996643066406 75.389999389648438 75.319999694824219 75.260002136230469 75.169998168945313 75.010002136230469 74.80999755859375 74.620002746582031 74.400001525878906 74.139999389648437 73.910003662109375 73.589996337890625 73.319999694824219 72.930000305175781 72.550003051757813 72.110000610351562 71.589996337890625 70.94000244140625 70.199996948242188 69.290000915527344 68.160003662109375 66.730003356933594 64.980003356933594 63.040000915527344 61.130001068115234 59.509998321533203 57.180000305175781 54.939998626708984 53.169998168945313 51.409999847412109 49.709999084472656 48.409999847412109 47.369998931884766 46.009998321533203 44.590000152587891 43.830001831054688 42.409999847412109 43.450000762939453 43.700000762939453 43.880001068115234 44.130001068115234 44.290000915527344 44.720001220703125
75.19000244140625 74.860000610351563 74.819999694824219 74.720001220703125 74.699996948242187 74.629997253417969 74.480003356933594 74.279998779296875 74.139999389648437 73.94000244140625 73.709999084472656 73.489997863769531 73.150001525878906 72.900001525878906 72.610000610351562 72.19000244140625 71.819999694824219 71.349998474121094 70.75 70.050003051757813 69.160003662109375 68.050003051757813 66.69000244140625 64.910003662109375 62.919998168945313 60.979999542236328 59.299999237060547 56.75 54.659999847412109 52.939998626708984 51.110000610351562 49.700000762939453 48.319999694824219 46.75 45.409999847412109 44.110000610351563 43.119998931884766 42.099998474121094 42.389999389648438 42.150001525878906 42.950000762939453 43.409999847412109 43.689998626708984 44.330001831054688
74.610000610351563 74.339996337890625 74.419998168945313 74.180000305175781 74.160003662109375 74.089996337890625 73.989997863769531 73.830001831054688 73.660003662109375 73.519996643066406 73.300003051757812 73.05999755859375 72.769996643066406 72.510002136230469 72.230003356933594 71.870002746582031 71.529998779296875 71.040000915527344 70.529998779296875 69.849998474121094 69.019996643066406 67.989997863769531 66.639999389648437 64.879997253417969 62.900001525878906 60.909999847412109 59.180000305175781 56.659999847412109 54.380001068115234 52.889999389648438 50.959999084472656 49.150001525878906 48.020000457763672 46.830001831054687 45.069999694824219 44.009998321533203 43.020000457763672 41.970001220703125 41.830001831054688 41.139999389648438 42.970001220703125 43.270000457763672 43.459999084472656 44.020000457763672
74.069999694824219 73.860000610351563 73.889999389648438 73.669998168945313 73.629997253417969 73.580001831054687 73.5 73.379997253417969 73.220001220703125 73.05999755859375 72.839996337890625 72.660003662109375 72.379997253417969 72.139999389648438 71.849998474121094 71.55999755859375 71.209999084472656 70.790000915527344 70.269996643066406 69.669998168945313 68.889999389648438 67.910003662109375 66.610000610351563 64.879997253417969 63 60.869998931884766 59.060001373291016 56.540000915527344 54.319999694824219 52.599998474121094 50.909999847412109 49.020000457763672 47.639999389648438 46.25 44.599998474121094 43.590000152587891 42.799999237060547 41.169998168945313 41.090000152587891 41.360000610351562 42.919998168945313 43.279998779296875 43.25 43.869998931884766
73.540000915527344 73.370002746582031 73.30999755859375 73.260002136230469 73.199996948242188 73.120002746582031 73.050003051757813 72.959999084472656 72.790000915527344 72.650001525878906 72.470001220703125 72.300003051757813 72.010002136230469 71.819999694824219 71.550003051757812 71.239997863769531 70.900001525878906 70.489997863769531 70 69.419998168945313 68.730003356933594 67.819999694824219 66.650001525878906 64.94000244140625 63.090000152587891 60.900001525878906 58.959999084472656 56.380001068115234 54.330001831054687 52.490001678466797 50.659999847412109 48.880001068115234 47.349998474121094 46 44.400001525878906 43.209999084472656 42.200000762939453 40.759998321533203 40.340000152587891 41.270000457763672 42.790000915527344 42.880001068115234 43.020000457763672 43.549999237060547
73.010002136230469 72.889999389648437 72.80999755859375 72.80999755859375 72.720001220703125 72.669998168945313 72.589996337890625 72.519996643066406 72.379997253417969 72.220001220703125 72.080001831054688 71.910003662109375 71.699996948242188 71.459999084472656 71.19000244140625 70.930000305175781 70.569999694824219 70.169998168945313 69.739997863769531 69.239997863769531 68.55999755859375 67.720001220703125 66.620002746582031 65.029998779296875 63.150001525878906 60.939998626708984 58.979999542236328 56.470001220703125 54.060001373291016 52.380001068115234 50.479999542236328 48.709999084472656 47.040000915527344 45.799999237060547 44.229999542236328 42.959999084472656 42 40.479999542236328 40.279998779296875 41.240001678466797 42.560001373291016 42.669998168945313 42.790000915527344 43.200000762939453
72.529998779296875 72.419998168945313 72.370002746582031 72.339996337890625 72.269996643066406 72.180000305175781 72.150001525878906 72.099998474121094 71.930000305175781 71.800003051757813 71.669998168945313 71.519996643066406 71.300003051757813 71.099998474121094 70.860000610351563 70.589996337890625 70.25 69.919998168945313 69.470001220703125 69.010002136230469 68.370002746582031 67.589996337890625 66.540000915527344 65.040000915527344 63.270000457763672 61.029998779296875 58.919998168945313 56.799999237060547 54.279998779296875 52.400001525878906 50.439998626708984 48.549999237060547 46.919998168945313 45.639999389648438 44.119998931884766 42.709999084472656 41.840000152587891 40.680000305175781 40.159999847412109 40.810001373291016 42.319999694824219 42.349998474121094 42.479999542236328 42.909999847412109
72.069999694824219 71.970001220703125 71.769996643066406 71.800003051757813 71.739997863769531 71.709999084472656 71.639999389648438 71.569999694824219 71.5 71.330001831054687 71.239997863769531 71.110000610351563 70.949996948242188 70.69000244140625 70.489997863769531 70.209999084472656 69.900001525878906 69.589996337890625 69.209999084472656 68.760002136230469 68.19000244140625 67.489997863769531 66.529998779296875 65.099998474121094 63.279998779296875 61.069999694824219 58.950000762939453 56.849998474121094 54.209999084472656 52.259998321533203 50.580001831054688 48.520000457763672 46.740001678466797 45.150001525878906 43.740001678466797 42.5 41.540000915527344 40.450000762939453 40.259998321533203 40.560001373291016 41.950000762939453 42.130001068115234 42.180000305175781 42.580001831054687
71.599998474121094 71.459999084472656 71.139999389648438 71.260002136230469 71.150001525878906 71.129997253417969 71.099998474121094 71.010002136230469 70.970001220703125 70.910003662109375 70.790000915527344 70.69000244140625 70.529998779296875 70.300003051757813 70.069999694824219 69.830001831054688 69.55999755859375 69.260002136230469 68.889999389648438 68.519996643066406 67.989997863769531 67.290000915527344 66.379997253417969 65.050003051757813 63.259998321533203 61.049999237060547 59.119998931884766 56.950000762939453 54.319999694824219 52.299999237060547 50.419998168945313 48.450000762939453 46.700000762939453 45.110000610351562 43.509998321533203 42.400001525878906 41.299999237060547 40.680000305175781 39.919998168945312 40.360000610351563 41.630001068115234 41.790000915527344 41.759998321533203 42.029998779296875
71.05999755859375 70.900001525878906 70.55999755859375 70.650001525878906 70.550003051757813 70.510002136230469 70.510002136230469 70.449996948242188 70.44000244140625 70.360000610351562 70.300003051757813 70.199996948242188 70.069999694824219 69.860000610351562 69.639999389648437 69.449996948242188 69.150001525878906 68.889999389648438 68.610000610351563 68.230003356933594 67.699996948242188 67.139999389648438 66.360000610351562 65.089996337890625 63.319999694824219 61.270000457763672 59.080001831054688 56.630001068115234 54.189998626708984 52.229999542236328 50.540000915527344 48.580001831054688 46.700000762939453 44.919998168945313 43.459999084472656 42.119998931884766 41.25 40.430000305175781 40.470001220703125 39.950000762939453 41.360000610351562 41.470001220703125 41.299999237060547 41.700000762939453
70.379997253417969 70.25 69.900001525878906 69.830001831054688 69.860000610351562 69.889999389648438 69.879997253417969 69.879997253417969 69.860000610351562 69.839996337890625 69.760002136230469 69.629997253417969 69.55999755859375 69.379997253417969 69.169998168945313 68.980003356933594 68.720001220703125 68.480003356933594 68.19000244140625 67.839996337890625 67.470001220703125 66.949996948242188 66.30999755859375 65.550003051757813 63.380001068115234 61.400001525878906 59.340000152587891 56.409999847412109 53.939998626708984 52.119998931884766 50.299999237060547 48.380001068115234 46.5 44.799999237060547 43.349998474121094 41.860000610351563 41.020000457763672 40.220001220703125 40.139999389648438 39.439998626708984 40.189998626708984 40.669998168945313 40.939998626708984 41.369998931884766
