depth-data/MillBrook/MillBrock/millbrook_DTM_10m_resample1m.asc
ncols        200
nrows        200
xllcorner    241000.000000000000
yllcorner    51000.000000000000
cellsize     10.000000000000
NODATA_value  -9999
[rows 19 to 37 of 200, columns 0 to 43 of 200]
94.8699951171875 95.282501220703125 95.337501525878906 95.452499389648438 95.520004272460938 95.532501220703125 95.479995727539062 95.305000305175781 94.985000610351563 94.772506713867188 94.574996948242188 94.362503051757813 94.19000244140625 93.917495727539062 93.68499755859375 93.410003662109375 93.162498474121094 92.932502746582031 92.537498474121094 92.712501525878906 92.125 91.882499694824219 92.370002746582031 92.1925048828125 92.047500610351563 92.217498779296875 90.574996948242188 88.917495727539063 86.892501831054688 84.9425048828125 83.022499084472656 80.852500915527344 78.857498168945313 76.535003662109375 73.942497253417969 71.389999389648437 69.727500915527344 67.802497863769531 66.287498474121094 64.817497253417969 63.677501678466797 62.807498931884766 62.040000915527344 60.967498779296875
94.214996337890625 94.047500610351563 94.62750244140625 94.735000610351563 94.837493896484375 94.865005493164063 94.852500915527344 94.634994506835938 94.327499389648438 93.979995727539063 93.787498474121094 93.547500610351563 93.330001831054688 93.077499389648438 92.8699951171875 92.694999694824219 92.452499389648438 92.277503967285156 92.300003051757813 92.150001525878906 92.1300048828125 91.5 92.024993896484375 92.207496643066406 92.105003356933594 91.577499389648438 90.5675048828125 89.1875 87.897499084472656 86.332504272460938 84.12750244140625 82.125 79.677497863769531 77.714996337890625 75.614997863769531 73.724998474121094 72.167495727539062 70.757499694824219 69.447502136230469 68.217498779296875 67.145004272460938 66.167495727539062 65.052497863769531 63.450000762939453
93.457504272460938 93.625 93.3800048828125 93.537498474121094 94.112503051757812 94.102500915527344 94.12750244140625 93.982498168945313 93.652503967285156 93.2550048828125 92.992500305175781 92.729995727539063 92.477500915527344 92.175003051757813 92.087501525878906 91.912498474121094 91.327499389648437 91.647499084472656 91.652496337890625 91.775001525878906 91.792495727539062 91.652496337890625 91.915000915527344 92.044998168945313 92.05999755859375 91.827499389648437 91.387496948242188 90.669998168945313 89.834999084472656 88.615005493164063 87.332496643066406 85.207496643066406 83.035003662109375 81.220001220703125 79.337501525878906 77.384994506835938 75.87750244140625 74.569999694824219 73.319999694824219 72.05999755859375 70.787498474121094 69.417503356933594 67.81500244140625 65.770004272460938
92.847503662109375 92.970001220703125 92.889999389648437 92.7449951171875 92.342498779296875 92.584999084472656 93.285003662109375 93.297500610351563 93.029998779296875 92.614997863769531 92.324996948242188 91.99749755859375 91.669998168945313 91.427497863769531 91.25250244140625 90.849998474121094 90.757499694824219 91.459999084472656 91.260002136230469 90.224998474121094 91.354995727539063 91.452499389648438 91.672500610351563 91.81500244140625 91.854995727539063 91.897499084472656 91.779998779296875 91.425003051757813 90.925003051757813 90.0625 88.862503051757813 87.705001831054688 86.897499084472656 84.889999389648437 82.55999755859375 81.2550048828125 79.8125 78.532501220703125 77.242500305175781 75.855003356933594 74.19000244140625 72.44000244140625 70.442497253417969 68.197502136230469
92.027496337890625 92.222503662109375 92.327499389648438 92.345001220703125 91.952499389648438 91.587501525878906 91.902496337890625 92.337501525878906 92.264999389648438 92 91.722503662109375 91.389999389648438 91.069999694824219 90.824996948242187 90.330001831054688 90.657501220703125 89.30999755859375 89.572502136230469 89.742500305175781 90.089996337890625 90.540000915527344 90.955001831054687 91.397499084472656 91.645004272460938 91.760002136230469 91.917495727539063 91.907501220703125 91.822494506835938 91.529998779296875 91.007499694824219 90.3175048828125 89.540000915527344 88.729995727539063 87.932502746582031 87.082504272460938 84.900001525878906 83.507499694824219 82.194999694824219 80.787498474121094 79.132499694824219 77.205001831054687 75.169998168945313 73 70.672500610351563
91.224998474121094 91.400001525878906 91.584999084472656 91.629997253417969 91.472503662109375 91.129997253417969 90.985000610351563 90.264999389648437 91.322502136230469 91.035003662109375 90.952499389648437 90.857498168945313 90.514999389648438 90.035003662109375 90.025001525878906 90.154998779296875 88.932502746582031 89.0574951171875 89.475006103515625 89.895004272460938 90.30999755859375 90.495002746582031 91.077499389648438 91.404998779296875 91.607498168945313 91.830001831054687 91.942497253417969 91.974998474121094 91.792503356933594 91.514999389648438 91.112503051757813 90.660003662109375 90.057502746582031 89.37750244140625 88.512496948242188 87.599998474121094 86.279998779296875 85.035003662109375 83.75250244140625 82.052497863769531 79.964996337890625 77.800003051757812 75.602493286132813 73.324996948242188
90.357498168945313 90.537498474121094 90.737503051757813 90.770004272460938 90.709999084472656 90.522499084472656 90.5 90.202499389648438 89.430000305175781 89.3800048828125 90.027496337890625 89.56500244140625 89.610000610351563 89.7449951171875 89.592498779296875 89.550003051757813 88.962501525878906 88.987503051757813 89.114997863769531 89.175003051757813 89.587501525878906 90.052497863769531 90.599998474121094 91.027496337890625 91.287498474121094 91.520004272460938 91.667495727539063 91.845001220703125 91.87249755859375 91.739997863769531 91.449996948242188 91.114997863769531 90.727500915527344 90.225006103515625 89.592498779296875 88.822502136230469 88.087493896484375 87.107498168945313 85.697502136230469 84.430000305175781 82.572502136230469 80.417503356933594 78.297500610351563 76.182502746582031
89.5050048828125 89.669998168945313 89.832504272460937 89.885002136230469 89.862503051757813 89.879997253417969 89.900001525878906 89.837501525878906 89.577499389648437 88.957504272460937 88.305000305175781 88.867500305175781 89.259994506835938 89.589996337890625 89.379997253417969 89.12750244140625 89.017501831054687 88.842498779296875 88.904998779296875 89.004997253417969 89.097496032714844 89.485000610351563 90.222503662109375 90.0574951171875 89.979995727539063 91.160003662109375 91.459999084472656 91.629997253417969 91.735000610351563 91.739997863769531 91.625 91.400001525878906 91.089996337890625 90.737503051757813 90.277496337890625 89.705001831054687 89.112503051757813 88.400001525878906 87.217498779296875 86.080001831054687 84.767501831054688 83.027496337890625 81.1824951171875 79.1875
88.682502746582031 88.827499389648438 88.979995727539063 89.00250244140625 89.0675048828125 89.112503051757813 89.290000915527344 89.257499694824219 89.165000915527344 89.040000915527344 88.642501831054688 87.732498168945313 87.447502136230469 89.107498168945313 89.114997863769531 88.897499084472656 88.762496948242188 88.769996643066406 88.714996337890625 88.949996948242188 88.99749755859375 89.395004272460938 89.62750244140625 89.672500610351563 90.042503356933594 89.944999694824219 91.080001831054687 91.297500610351563 91.532501220703125 91.572502136230469 91.652503967285156 91.552505493164063 91.334999084472656 91.067497253417969 90.764999389648438 90.455001831054687 89.952499389648437 89.272499084472656 88.495002746582031 87.257499694824219 86.572502136230469 85.354995727539063 83.947494506835938 82.387496948242188
87.81500244140625 88.017501831054687 88.172500610351563 88.217498779296875 88.352500915527344 88.462501525878906 88.595001220703125 88.587501525878906 88.637496948242188 88.589996337890625 88.477500915527344 88.194999694824219 87.529998779296875 86.912498474121094 87.324996948242188 89.0050048828125 88.667495727539062 88.617500305175781 88.430000305175781 88.3074951171875 88.160003662109375 88.475006103515625 89.37750244140625 89.382499694824219 89.400001525878906 89.775001525878906 89.642501831054688 90.895004272460938 91.272499084472656 91.447502136230469 91.540000915527344 91.56500244140625 91.504997253417969 91.3175048828125 91.150001525878906 90.915000915527344 90.552497863769531 90.037498474121094 89.449996948242188 88.827499389648438 87.8125 87.212501525878906 86.31500244140625 85.207496643066406
87.012496948242187 87.264999389648438 87.464996337890625 87.527496337890625 87.680000305175781 87.865005493164062 87.925003051757813 87.947502136230469 87.9949951171875 88.027496337890625 87.995002746582031 87.729995727539063 87.37750244140625 86.822502136230469 86.662498474121094 86.417495727539062 86.550003051757813 87.050003051757813 88.014999389648437 87.587501525878906 87.257499694824219 87.645004272460938 89.337501525878906 89.125 89.282501220703125 89.199996948242188 89.760002136230469 90.572502136230469 90.970001220703125 91.2449951171875 91.402503967285156 91.480003356933594 91.514999389648438 91.447502136230469 91.334999084472656 91.182502746582031 90.982498168945313 90.662498474121094 90.270004272460938 89.8125 88.857498168945313 88.742500305175781 88.165000915527344 87.507499694824219
86.25 86.544998168945313 86.757499694824219 86.902496337890625 87.097503662109375 87.240005493164063 87.302497863769531 87.345001220703125 87.389999389648438 87.430000305175781 87.392501831054688 87.220001220703125 86.947502136230469 86.467498779296875 85.800003051757812 85.222503662109375 86.2550048828125 86.229995727539062 86.525001525878906 86.767501831054687 86.669998168945313 87.632499694824219 89.257499694824219 89.1925048828125 89.142501831054688 89.202499389648438 89.067497253417969 90.282501220703125 90.607498168945313 90.882499694824219 91.115005493164062 91.307502746582031 91.4324951171875 91.432502746582031 91.402496337890625 91.342498779296875 91.1875 91.089996337890625 90.94000244140625 90.6824951171875 90.319999694824219 89.919998168945313 89.69000244140625 89.25250244140625
85.417495727539062 85.782501220703125 86.032501220703125 86.1875 86.495002746582031 86.644996643066406 86.692497253417969 86.772499084472656 86.842498779296875 86.854995727539063 86.769996643066406 86.602500915527344 86.417495727539062 86.00250244140625 85.349998474121094 84.525001525878906 83.510002136230469 85.097496032714844 86.142501831054688 86.357498168945313 86.595001220703125 86.557502746582031 87.395004272460937 88.834999084472656 88.962501525878906 88.992500305175781 88.637496948242188 89.957496643066406 90.235000610351563 90.479995727539063 90.757499694824219 91.044998168945313 91.260002136230469 91.389999389648438 91.410003662109375 91.472503662109375 91.485000610351563 91.537498474121094 91.507499694824219 91.387496948242188 91.262496948242188 90.790000915527344 90.767501831054687 90.587501525878906
84.457496643066406 84.864997863769531 85.162498474121094 85.425003051757812 85.779998779296875 85.949996948242187 86.067497253417969 86.1925048828125 86.257499694824219 86.260002136230469 86.18499755859375 85.970001220703125 85.7550048828125 85.330001831054688 84.737503051757812 83.864997863769531 82.720001220703125 83.114997863769531 83.7449951171875 86.067497253417969 86.337493896484375 86.542495727539063 87.444999694824219 87.430000305175781 87.477500915527344 87.925003051757813 88.31500244140625 88.927497863769531 89.555000305175781 89.987503051757813 90.317497253417969 90.672500610351562 90.902496337890625 91.302497863769531 91.525001525878906 91.637496948242188 91.74749755859375 91.902496337890625 92.125 92.237503051757813 92.214996337890625 92.167495727539062 91.832504272460938 91.672500610351563
83.355003356933594 83.827499389648437 84.229995727539063 84.470001220703125 84.922500610351563 85.18499755859375 85.365005493164063 85.479995727539063 85.514999389648438 85.472503662109375 85.412498474121094 85.267501831054688 85.044998168945313 84.635002136230469 84.017501831054687 83.129997253417969 81.542503356933594 82.142501831054688 82.650001525878906 83.587501525878906 85.400001525878906 86.522499084472656 86.55999755859375 87.582504272460937 88.290000915527344 88.542495727539062 88.227500915527344 88.152496337890625 89.022499084472656 89.582504272460938 90.169998168945313 90.587501525878906 90.972503662109375 91.175003051757812 91.610000610351563 91.967498779296875 92.229995727539063 92.459999084472656 92.672500610351563 92.842498779296875 92.879997253417969 92.897499084472656 92.860000610351563 92.887504577636719
82.462501525878906 82.947502136230469 83.3074951171875 83.55999755859375 84.055000305175781 84.349998474121094 84.537498474121094 84.660003662109375 84.665000915527344 84.592498779296875 84.542495727539062 84.402496337890625 84.212501525878906 83.802497863769531 83.25250244140625 82.327499389648438 80.779998779296875 81.260002136230469 81.669998168945313 82.587501525878906 83.527496337890625 85.209999084472656 86.717498779296875 86.597503662109375 87.042495727539063 88.224998474121094 88.527496337890625 87.599998474121094 88.544998168945313 89.25 89.974998474121094 90.55999755859375 90.927497863769531 91.337493896484375 91.610000610351563 91.9949951171875 92.334999084472656 92.727500915527344 92.989997863769531 93.142501831054688 93.257499694824219 93.332496643066406 93.467498779296875 93.599998474121094
81.595001220703125 82.177497863769531 82.584999084472656 82.745002746582031 83.2449951171875 83.482498168945313 83.660003662109375 83.720001220703125 83.68499755859375 83.62249755859375 83.542495727539063 83.375 83.205001831054688 82.824996948242187 82.349998474121094 81.37750244140625 80.379997253417969 80.292495727539063 80.654998779296875 81.574996948242188 82.547500610351563 83.260002136230469 83.992500305175781 86.207504272460938 86.642501831054688 86.864997863769531 87.459999084472656 87.30999755859375 87.614997863769531 88.875 89.677497863769531 90.382499694824219 90.830001831054688 91.224998474121094 91.482498168945313 91.862503051757812 92.245002746582031 92.647499084472656 92.99749755859375 93.239997863769531 93.3699951171875 93.550003051757813 93.7550048828125 93.985000610351563
80.777496337890625 81.4425048828125 81.87750244140625 82.025001525878906 82.475006103515625 82.677497863769531 82.775001525878906 82.757499694824219 82.62249755859375 82.544998168945312 82.404998779296875 82.205001831054688 82.037498474121094 81.677497863769531 81.222503662109375 80.19000244140625 79.419998168945312 79.227500915527344 79.527496337890625 80.452499389648438 81.464996337890625 82.1925048828125 82.87750244140625 83.629997253417969 85.677497863769531 86.75250244140625 86.932502746582031 87.167495727539063 87.907501220703125 88.492500305175781 89.330001831054688 90.112503051757812 90.680000305175781 91.117500305175781 91.300003051757813 91.714996337890625 92.06500244140625 92.352500915527344 92.682502746582031 92.9949951171875 93.269996643066406 93.602500915527344 93.87249755859375 94.242500305175781
80.074996948242187 80.797500610351563 81.260002136230469 81.477500915527344 81.770004272460938 81.922500610351563 81.9324951171875 81.779998779296875 81.607498168945313 81.447502136230469 81.199996948242188 80.952499389648438 80.75250244140625 80.37750244140625 79.882499694824219 78.952499389648438 78.357498168945313 78.167495727539063 78.442497253417969 79.197494506835938 80.197494506835938 81.095001220703125 81.8699951171875 82.764999389648438 83.707496643066406 85.62249755859375 87.037498474121094 87.025001525878906 87.930000305175781 88.035003662109375 88.912498474121094 89.732498168945313 90.400001525878906 90.87249755859375 91.232498168945313 91.477500915527344 91.854995727539063 92.147499084472656 92.360000610351563 92.642501831054687 93.050003051757813 93.44000244140625 93.847503662109375 94.25
