depth-data/MillBrook/MillBrock/millbrook_DTM_10m_resample1m.asc
ncols        200
nrows        200
xllcorner    241000.000000000000
yllcorner    51000.000000000000
cellsize     10.000000000000
NODATA_value  -9999
[rows 19 to 37 of 200, columns 132 to 175 of 200]
19.375 18.207500457763672 17.287500381469727 16.397499084472656 15.502500534057617 14.817500114440918 14.369999885559082 13.840000152587891 12.854999542236328 11.712499618530273 11.244999885559082 10.699999809265137 10.244999885559082 9.8575000762939453 9.4699993133544922 8.9925003051757813 8.6475000381469727 7.9075002670288086 7.5174999237060547 7.2074999809265137 6.9250001907348633 6.5850000381469727 6.0900001525878906 5.5950002670288086 5.2399997711181641 4.8125 4.4124999046325684 4.0399999618530273 3.7574999332427979 3.1725001335144043 2.4650001525878906 2.434999942779541 3.2850000858306885 3.9375 4.4075002670288086 4.997499942779541 5.315000057220459 5.7875003814697266 6.2249999046325684 6.6700000762939453 6.9875001907348633 7.4774999618530273 9.1125001907348633 12.272500038146973
19.697500228881836 18.642499923706055 17.795000076293945 16.852500915527344 15.920000076293945 15.215000152587891 14.617500305175781 13.942499160766602 13.027500152587891 12.029999732971191 11.302499771118164 10.764999389648438 10.364999771118164 9.8649997711181641 9.4224996566772461 8.8900003433227539 8.567500114440918 8.2875003814697266 7.6750001907348633 7.307499885559082 6.8350000381469727 6.4774999618530273 6.067500114440918 5.6500000953674316 5.3050003051757812 4.932499885559082 4.5875000953674316 4.2024998664855957 3.9250001907348633 3.554999828338623 2.684999942779541 2.494999885559082 3.9474999904632568 4.3024997711181641 4.7224998474121094 5.2975001335144043 5.367499828338623 5.2325000762939453 4.8874998092651367 5.7624998092651367 6.9650001525878906 8.1374998092651367 9.5225000381469727 10.737500190734863
19.674999237060547 19.020000457763672 18.197500228881836 17.305000305175781 16.407499313354492 15.632499694824219 14.957500457763672 14.367500305175781 13.479999542236328 12.432499885559082 11.715000152587891 11.130000114440918 10.569999694824219 10.194999694824219 9.7950000762939453 9.2574996948242187 8.8125 8.2775001525878906 7.622499942779541 7.25 6.8324999809265137 6.4875001907348633 6.2174997329711914 5.8125 5.429999828338623 5.125 4.6750001907348633 4.2849998474121094 4.005000114440918 3.9000000953674316 3.0799999237060547 3.0900001525878906 4.005000114440918 4.7199997901916504 4.5850000381469727 4.0100002288818359 4.625 5.132500171661377 6.057499885559082 7.0250000953674316 7.622499942779541 8.6625003814697266 9.6424999237060547 10.614999771118164
20.364999771118164 19.352500915527344 18.382499694824219 17.522499084472656 16.692501068115234 15.907500267028809 15.189999580383301 14.555000305175781 14.060000419616699 13.010000228881836 12.104999542236328 11.652500152587891 11.102499961853027 10.577499389648438 9.9300003051757813 9.3675003051757812 8.7849998474121094 8.2474994659423828 7.7325000762939453 7.3275003433227539 6.932499885559082 6.5749998092651367 6.2699999809265137 5.815000057220459 5.4499998092651367 5.1100001335144043 4.815000057220459 4.4625000953674316 4.2649998664855957 4.1649999618530273 4.317500114440918 3.2925000190734863 4.0374999046325684 3.442500114440918 3.4275000095367432 3.8624999523162842 4.6700000762939453 5.8625001907348633 6.8524999618530273 7.5875000953674316 8.2699995040893555 9.0149993896484375 9.7924995422363281 11.667499542236328
21.094999313354492 20.034999847412109 18.977499008178711 18.010000228881836 16.875 16.042499542236328 15.477499961853027 14.8125 14.255000114440918 12.805000305175781 12.452499389648438 11.897500038146973 11.345000267028809 10.6875 10.110000610351562 9.5025005340576172 8.9125003814697266 8.2725000381469727 7.6875 7.432499885559082 6.940000057220459 6.6050000190734863 6.3299999237060547 5.9025001525878906 5.619999885559082 5.2874999046325684 5.059999942779541 4.695000171661377 4.492499828338623 4.4574999809265137 3.877500057220459 3.3624999523162842 3.869999885559082 3.5099999904632568 3.7574999332427979 4.4250001907348633 4.8499999046325684 6.244999885559082 7.2950000762939453 7.8100004196166992 8.3374996185302734 8.7425003051757812 10.539999961853027 11.267499923706055
21.212499618530273 20.135000228881836 19.040000915527344 18.042499542236328 17.264999389648438 15.704999923706055 15.600000381469727 15.092499732971191 12.942500114440918 7.0999999046325684 7.7074999809265137 10.005000114440918 11.604999542236328 11.020000457763672 10.354999542236328 9.7725000381469727 9.2224998474121094 8.6350002288818359 8.0325002670288086 7.4549999237060547 7.130000114440918 6.8324999809265137 6.5850000381469727 6.1400003433227539 5.755000114440918 5.4474997520446777 5.2899999618530273 4.622499942779541 4.2074999809265137 3.7849998474121094 3.6775000095367432 3.5275001525878906 3.9224998950958252 4.2224998474121094 4.5925002098083496 4.992499828338623 5.2699999809265137 6.2775001525878906 6.6499996185302734 7.7024998664855957 8.5900001525878906 9.3824996948242187 10.392499923706055 11.482500076293945
21.337499618530273 20.452499389648438 19.422500610351563 18.217498779296875 17.212499618530273 15.090000152587891 14.805000305175781 14.789999961853027 10.582500457763672 7.9224996566772461 6.8949999809265137 6.7325000762939453 7.6550002098083496 11.637499809265137 10.835000038146973 10.130000114440918 9.4250001907348633 8.7574996948242187 8.1049995422363281 7.6475000381469727 7.2775001525878906 6.9574999809265137 6.7950000762939453 6.2600002288818359 5.619999885559082 4.8450002670288086 4.494999885559082 5.8050003051757812 5.5999999046325684 5.8900003433227539 4.1024999618530273 4.0349998474121094 4.4650001525878906 4.6599998474121094 5.2350001335144043 5.7825002670288086 6.0799999237060547 6.8324999809265137 7.2024998664855957 7.8824996948242188 8.5599994659423828 8.9174995422363281 9.8150005340576172 11.680000305175781
22.420000076293945 21.357500076293945 20.282499313354492 19.479999542236328 17.982500076293945 14.859999656677246 13.694999694824219 10.177499771118164 7.9475002288818359 7.434999942779541 7.065000057220459 7.2049999237060547 7.3425002098083496 9.3199996948242187 11.362500190734863 10.220000267028809 9.6674995422363281 8.5325002670288086 7.9925003051757812 7.8499999046325684 7.3000001907348633 6.6624999046325684 6.1149997711181641 5.6599998474121094 5.7100000381469727 6.3625001907348633 6.5174999237060547 6.2249999046325684 6.0399999618530273 5.7699999809265137 5.059999942779541 4.5399999618530273 4.9200000762939453 5.0275001525878906 5.0500001907348633 6.1700000762939453 6.0750002861022949 6.8524999618530273 7.0925002098083496 7.682499885559082 8.4099998474121094 8.7825002670288086 9.2399997711181641 11.220000267028809
22.787500381469727 21.622499465942383 20.690000534057617 19.840000152587891 17.489999771118164 14.340000152587891 8.2750005722045898 7.2974996566772461 6.7600002288818359 6.6374998092651367 7.4474997520446777 7.6649999618530273 7.7624998092651367 7.8600001335144043 7.7824997901916504 6.3524999618530273 9.6949996948242187 8.9925003051757813 7.75 7.1500000953674316 6.3949999809265137 6.0524997711181641 6.2349996566772461 6.0475001335144043 6.1624999046325684 6.315000057220459 6.5 6.2425003051757812 6.1424999237060547 5.9099998474121094 5.7274999618530273 5.679999828338623 5.4025001525878906 5.502500057220459 5.9825000762939453 6.369999885559082 6.380000114440918 6.630000114440918 7.247499942779541 7.5250000953674316 7.6050000190734863 8.2425003051757813 8.8299999237060547 10.329999923706055
22.619998931884766 21.715000152587891 20.755001068115234 19.917499542236328 17.932498931884766 10.222499847412109 7.7950000762939453 7.4549999237060547 6.7325000762939453 7.1525001525878906 7.5974998474121094 7.7325000762939453 7.617499828338623 7.7800002098083496 7.8600001335144043 6.6525001525878906 8.4399995803833008 7.6549997329711914 6.255000114440918 5.7375001907348633 5.5525002479553223 5.257500171661377 5.880000114440918 5.684999942779541 6.1725001335144043 6.119999885559082 6.192500114440918 6.1774997711181641 6.1574997901916504 5.867499828338623 5.6175003051757812 5.8675003051757813 5.559999942779541 5.7074999809265137 6.1449999809265137 6.7699999809265137 6.7325000762939453 7.0799999237060547 7.2425003051757812 7.2325000762939453 7.4000000953674316 8.0275001525878906 8.7674999237060547 9.8575000762939453
22.432500839233398 22.267499923706055 20.807498931884766 19.829500198364258 11.694999694824219 7.8524999618530273 7.6350002288818359 7.179999828338623 6.7600002288818359 6.6050000190734863 7.0950002670288086 7.255000114440918 7.8024997711181641 7.9049997329711914 7.4699997901916504 7.1449999809265137 6.0974998474121094 5.9499998092651367 5.992499828338623 5.815000057220459 5.5100002288818359 5.3350000381469727 5.6725001335144043 5.6774997711181641 6.2899999618530273 6.2074999809265137 6.192500114440918 6.002500057220459 5.7699999809265137 5.5425000190734863 5.5150003433227539 6.3850002288818359 5.6499996185302734 5.875 5.9674997329711914 6.182499885559082 6.7725000381469727 7.1075000762939453 7.2150001525878906 7.315000057220459 7.5425000190734863 7.7399997711181641 8.3875007629394531 9.6975002288818359
22.479999542236328 22.272499084472656 21.764999389648437 19.769001007080078 9.3325004577636719 7.744999885559082 7.4149999618530273 7.0425000190734863 6.6675000190734863 6.179999828338623 6.247499942779541 6.2325000762939453 6.9850001335144043 6.7799997329711914 6.8350000381469727 6.7950000762939453 5.6100001335144043 5.9274997711181641 6.0124998092651367 5.877500057220459 5.8424997329711914 6.0550003051757813 5.8625001907348633 5.9850001335144043 5.875 5.9250001907348633 6.0399999618530273 5.8975000381469727 5.5824999809265137 5.4000000953674316 5.372499942779541 5.4574999809265137 5.809999942779541 5.6949996948242188 5.815000057220459 5.934999942779541 6.3524999618530273 6.8675003051757812 6.929999828338623 7.117499828338623 7.5625 7.6774997711181641 8.505000114440918 9.0299997329711914
22.147499084472656 21.084999084472656 20.069999694824219 19.737499237060547 15.262500762939453 7.377500057220459 7.255000114440918 6.880000114440918 6.5550003051757812 6.1675000190734863 5.7399997711181641 5.507500171661377 5.5349998474121094 6.1399998664855957 6.6800003051757813 6.6500000953674316 6.1575002670288086 6.1024999618530273 6.1125001907348633 6.1675000190734863 6.0524997711181641 6.1475000381469727 6.5900001525878906 6.6675000190734863 6.7650003433227539 5.9699997901916504 5.8499999046325684 5.807499885559082 5.625 5.2274999618530273 5.317500114440918 5.4449996948242187 5.5425000190734863 5.6475000381469727 5.7125000953674316 5.9699997901916504 5.9650001525878906 6.4000000953674316 6.630000114440918 6.9175000190734863 7.3949999809265137 7.6350002288818359 8.119999885559082 8.6175003051757812
21.942499160766602 20.977500915527344 20.25 19.522499084472656 13.549999237060547 7.3524999618530273 6.8949999809265137 6.5500001907348633 6.1399998664855957 5.8350000381469727 5.6175003051757812 5.4449996948242187 5.434999942779541 5.6675000190734863 5.4025001525878906 6.6075000762939453 7.0174999237060547 6.632500171661377 6.4749999046325684 6.7049999237060547 6.6350002288818359 6.5 6.6725001335144043 6.7150001525878906 6.8824996948242187 5.8600001335144043 5.7300000190734863 5.7624998092651367 5.632500171661377 5.3924999237060547 5.3524999618530273 5.4025001525878906 5.3225002288818359 5.3850002288818359 5.3450002670288086 5.6100001335144043 6 5.8999996185302734 6.369999885559082 6.8550000190734863 7.257500171661377 7.7375001907348633 8.1649999618530273 8.5600004196166992
21.057498931884766 20.9375 20.375 19.612499237060547 13.532499313354492 7.3450002670288086 6.7799997329711914 6.25 6.127500057220459 5.6624999046325684 5.4600000381469727 5.4499998092651367 5.5275001525878906 5.3850002288818359 5.5149998664855957 6.2899999618530273 6.9200000762939453 7.2199997901916504 7.1500000953674316 6.7699999809265137 6.867499828338623 6.5999999046325684 7.190000057220459 6.6675000190734863 7.0399999618530273 5.7925000190734863 5.6800003051757812 5.617499828338623 5.5425000190734863 5.4875001907348633 5.380000114440918 5.2300000190734863 5.2725000381469727 5.2024998664855957 5.2649998664855957 5.5174999237060547 5.5974998474121094 5.627500057220459 6.4699997901916504 6.6100001335144043 6.942500114440918 6.9724998474121094 7.7725000381469727 8.5699996948242187
21.104999542236328 20.682498931884766 20.207500457763672 19.454999923706055 13.725000381469727 7.25 6.9175000190734863 6.2925000190734863 6.0850000381469727 5.7975001335144043 5.632500171661377 5.7274999618530273 6.0949997901916504 6.5949997901916504 6.429999828338623 6.6100001335144043 7.0375003814697266 6.9624996185302734 6.9499998092651367 6.817500114440918 6.7249999046325684 6.7325000762939453 6.7024998664855957 6.807499885559082 6.5450000762939453 6.182499885559082 5.7650003433227539 5.5875000953674316 5.5799999237060547 5.0725002288818359 5.2100000381469727 5.119999885559082 5.190000057220459 5.1125001907348633 5.1599998474121094 5.130000114440918 5.382500171661377 5.2200002670288086 6.4624996185302734 6.505000114440918 6.9075002670288086 7.0125002861022949 7.369999885559082 7.872499942779541
20.887500762939453 20.354999542236328 19.709999084472656 18.975000381469727 16.577499389648438 7.4574999809265137 7.122499942779541 6.8299999237060547 6.4050002098083496 6.0375003814697266 5.8550000190734863 6.127500057220459 6.8949999809265137 7.3949999809265137 7.4075002670288086 7.4900002479553223 7.5924997329711914 7.5475001335144043 7.1649999618530273 6.8474998474121094 6.7699999809265137 6.5625 6.7375001907348633 6.6700000762939453 6.4124999046325684 6.6050000190734863 5.9049997329711914 5.5824999809265137 5.4200000762939453 5.1649999618530273 4.992499828338623 5.070000171661377 5.117499828338623 4.9825000762939453 5.117499828338623 5.0850000381469727 5.0850000381469727 4.5799999237060547 5.7775001525878906 6.0275001525878906 6.505000114440918 6.8249998092651367 7.1974997520446777 7.7574996948242188
20.284999847412109 20.267499923706055 19.872499465942383 18.489999771118164 14.702499389648438 7.5625 7.434999942779541 6.8125 6.6125001907348633 6.4549999237060547 6.4625000953674316 6.4850001335144043 7.0774998664855957 7.2100000381469727 7.3225002288818359 8.3275003433227539 8.7200002670288086 7.505000114440918 7.2950000762939453 6.872499942779541 6.6750001907348633 6.502500057220459 6.679999828338623 6.4549999237060547 6.375 6.4600000381469727 5.6800003051757812 5.1750001907348633 5.130000114440918 5.057499885559082 5.0275001525878906 4.682499885559082 4.619999885559082 4.7024998664855957 4.742499828338623 4.9524998664855957 5 4.0550003051757812 5.4000000953674316 5.3899998664855957 5.445000171661377 5.9849996566772461 6.4650001525878906 7.002500057220459
19.709999084472656 19.652500152587891 18.860000610351563 17.979999542236328 16.582500457763672 9.0850000381469727 7.3024997711181641 7.1374998092651367 7.4274997711181641 7.2274999618530273 6.7925000190734863 6.7950000762939453 7.3324999809265137 7.6149997711181641 7.4624996185302734 8.0325002670288086 8.369999885559082 8.4549999237060547 7.6675000190734863 7.497499942779541 6.5875000953674316 6.375 6.442500114440918 6.4049997329711914 6.2274999618530273 6.0349998474121094 5.377500057220459 4.872499942779541 4.9149999618530273 4.684999942779541 4.565000057220459 4.5199999809265137 4.7224998474121094 4.5300002098083496 4.757500171661377 4.5225000381469727 4.2699999809265137 3.6099998950958252 5.6024999618530273 5.1649999618530273 5.0775003433227539 5.4774999618530273 5.4524998664855957 6.2849998474121094
