depth-data/MillBrook/MillBrock/millbrook_DTM_5m_resample1m.asc
ncols        400
nrows        400
xllcorner    241000.000000000000
yllcorner    51000.000000000000
cellsize     5.000000000000
NODATA_value  -9999
[rows 247 to 265 of 400, columns 352 to 395 of 400]
62.799999237060547 62.799999237060547 62.729999542236328 62.549999237060547 62.439998626708984 62.380001068115234 61.650001525878906 60.970001220703125 61.020000457763672 61.040000915527344 60.720001220703125 60.220001220703125 59.639999389648438 59.130001068115234 58.580001831054688 58.009998321533203 57.330001831054688 56.619998931884766 56.189998626708984 56.029998779296875 54.959999084472656 54.439998626708984 54.319999694824219 53.889999389648438 53.299999237060547 52.790000915527344 52.189998626708984 51.650001525878906 51.080001831054688 50.549999237060547 49.959999084472656 49.319999694824219 48.639999389648438 47.959999084472656 47.220001220703125 46.479999542236328 45.790000915527344 45.080001831054687 44.409999847412109 43.720001220703125 43.130001068115234 42.509998321533203 41.889999389648438 41.259998321533203
63 62.900001525878906 63.029998779296875 63.229999542236328 63.080001831054688 62.889999389648438 62.919998168945313 62.569999694824219 61.470001220703125 61.509998321533203 61.290000915527344 60.860000610351563 60.459999084472656 59.930000305175781 59.349998474121094 58.75 58.040000915527344 57.669998168945313 57.439998626708984 57.060001373291016 56.790000915527344 55.590000152587891 55.340000152587891 55.060001373291016 54.650001525878906 54.119998931884766 53.590000152587891 53.040000915527344 52.509998321533203 51.950000762939453 51.439998626708984 50.880001068115234 50.25 49.610000610351562 48.990001678466797 48.330001831054688 47.639999389648438 47.020000457763672 46.310001373291016 45.680000305175781 45.009998321533203 44.409999847412109 43.720001220703125 43.099998474121094
63.479999542236328 63.529998779296875 63.580001831054688 63.400001525878906 63.459999084472656 63.490001678466797 63.380001068115234 63.430000305175781 62.209999084472656 62.009998321533203 61.709999084472656 61.5 61.090000152587891 60.689998626708984 60.020000457763672 59.380001068115234 59.029998779296875 58.639999389648438 58.299999237060547 57.970001220703125 57.560001373291016 57.240001678466797 56.540000915527344 56.080001831054688 55.740001678466797 55.439998626708984 54.869998931884766 54.270000457763672 53.759998321533203 53.25 52.709999084472656 52.220001220703125 51.709999084472656 51.110000610351562 50.639999389648438 50.009998321533203 49.380001068115234 48.860000610351563 48.229999542236328 47.580001831054688 46.970001220703125 46.279998779296875 45.639999389648438 45.009998321533203
63.810001373291016 63.919998168945313 63.979999542236328 64.010002136230469 64.040000915527344 63.860000610351563 63.740001678466797 63.759998321533203 63.799999237060547 62.349998474121094 62.389999389648438 61.959999084472656 61.610000610351563 61.159999847412109 60.610000610351563 60.259998321533203 59.860000610351563 59.479999542236328 59.189998626708984 58.830001831054687 58.5 58.169998168945313 57.759998321533203 57.380001068115234 56.709999084472656 56.529998779296875 56.069999694824219 55.569999694824219 55.029998779296875 54.490001678466797 54.029998779296875 53.5 53.069999694824219 52.569999694824219 52.110000610351563 51.590000152587891 51.009998321533203 50.560001373291016 50.060001373291016 49.380001068115234 48.770000457763672 48.169998168945313 47.540000915527344 46.810001373291016
64.139999389648438 64.290000915527344 64.330001831054688 64.379997253417969 64.459999084472656 64.400001525878906 64.419998168945313 64.069999694824219 63.720001220703125 63.240001678466797 62.729999542236328 62.650001525878906 62.209999084472656 61.659999847412109 61.25 61.090000152587891 60.610000610351563 60.409999847412109 60.110000610351562 59.790000915527344 59.430000305175781 59.110000610351562 58.790000915527344 58.450000762939453 57.919998168945313 57.270000457763672 57.130001068115234 56.700000762939453 56.25 55.770000457763672 55.189998626708984 54.819999694824219 54.360000610351563 53.990001678466797 53.540000915527344 53.180000305175781 52.700000762939453 52.200000762939453 51.740001678466797 51.119998931884766 50.610000610351562 49.959999084472656 49.439998626708984 48.590000152587891
64.419998168945313 64.599998474121094 64.699996948242188 64.779998779296875 64.790000915527344 64.830001831054688 64.739997863769531 64.580001831054687 64.269996643066406 63.889999389648437 63.580001831054688 63.110000610351563 62.909999847412109 62.099998474121094 62.25 61.880001068115234 61.630001068115234 61.330001831054688 61.029998779296875 60.709999084472656 60.430000305175781 60.119998931884766 59.790000915527344 59.459999084472656 59.080001831054688 58.720001220703125 58.209999084472656 57.860000610351562 57.520000457763672 57.049999237060547 56.560001373291016 56.130001068115234 55.680000305175781 55.319999694824219 54.990001678466797 54.619998931884766 54.180000305175781 53.740001678466797 53.25 52.779998779296875 52.290000915527344 51.880001068115234 51.299999237060547 50.639999389648438
64.699996948242188 64.839996337890625 65.029998779296875 65.110000610351563 65.150001525878906 65.160003662109375 65.099998474121094 65.019996643066406 64.800003051757812 64.879997253417969 64.69000244140625 64.19000244140625 63.569999694824219 63.529998779296875 63.060001373291016 62.729999542236328 62.509998321533203 62.290000915527344 62.009998321533203 61.709999084472656 61.380001068115234 61.069999694824219 60.830001831054688 60.540000915527344 60.200000762939453 59.900001525878906 59.360000610351563 58.729999542236328 58.650001525878906 58.290000915527344 57.840000152587891 57.490001678466797 56.990001678466797 56.639999389648438 56.240001678466797 55.909999847412109 55.509998321533203 55.159999847412109 54.729999542236328 54.330001831054687 53.779998779296875 53.619998931884766 52.990001678466797 52.340000152587891
64.959999084472656 65.139999389648437 65.30999755859375 65.489997863769531 65.5 65.459999084472656 65.430000305175781 65.449996948242188 65.339996337890625 65.389999389648438 65.379997253417969 65.220001220703125 64.330001831054688 63.990001678466797 63.840000152587891 63.520000457763672 63.360000610351563 63.189998626708984 62.950000762939453 62.639999389648438 62.439998626708984 62.150001525878906 61.840000152587891 61.590000152587891 61.290000915527344 60.979999542236328 60.689998626708984 60.229999542236328 59.610000610351562 59.430000305175781 59.189998626708984 58.709999084472656 58.380001068115234 57.979999542236328 57.569999694824219 57.200000762939453 56.840000152587891 56.479999542236328 56.130001068115234 55.720001220703125 55.479999542236328 55.099998474121094 54.509998321533203 54.040000915527344
65.269996643066406 65.5 65.639999389648437 65.739997863769531 65.889999389648438 65.849998474121094 65.790000915527344 65.970001220703125 66 65.900001525878906 65.839996337890625 65.769996643066406 65.589996337890625 64.540000915527344 64.379997253417969 64.269996643066406 64.169998168945313 64.080001831054687 63.930000305175781 63.700000762939453 63.479999542236328 63.220001220703125 62.909999847412109 62.650001525878906 62.400001525878906 62.130001068115234 61.819999694824219 61.520000457763672 61.220001220703125 60.470001220703125 60.299999237060547 60.060001373291016 59.689998626708984 59.310001373291016 58.909999847412109 58.5 58.150001525878906 57.770000457763672 57.479999542236328 57.139999389648438 56.889999389648438 56.580001831054687 56.119998931884766 55.799999237060547
65.480003356933594 65.730003356933594 65.94000244140625 66.129997253417969 66.199996948242187 66.230003356933594 66.419998168945313 66.419998168945313 66.370002746582031 66.360000610351562 66.319999694824219 66.339996337890625 66.330001831054687 66.349998474121094 65.139999389648437 64.989997863769531 64.970001220703125 64.930000305175781 64.860000610351563 64.75 64.540000915527344 64.319999694824219 64.010002136230469 63.790000915527344 63.509998321533203 63.279998779296875 63.020000457763672 62.740001678466797 62.540000915527344 62.090000152587891 61.270000457763672 61.119998931884766 60.950000762939453 60.599998474121094 60.180000305175781 59.779998779296875 59.430000305175781 59.180000305175781 58.830001831054687 58.5 58.270000457763672 57.889999389648438 57.650001525878906 57.360000610351562
65.569999694824219 65.879997253417969 66.25 66.110000610351563 66.599998474121094 66.839996337890625 66.970001220703125 66.839996337890625 66.930000305175781 66.980003356933594 66.930000305175781 66.970001220703125 66.970001220703125 66.949996948242188 67.139999389648438 66.080001831054687 65.650001525878906 65.730003356933594 65.830001831054688 65.769996643066406 65.660003662109375 65.459999084472656 65.260002136230469 65.010002136230469 64.760002136230469 64.529998779296875 64.220001220703125 63.959999084472656 63.700000762939453 63.369998931884766 63.130001068115234 62.439998626708984 62.020000457763672 61.889999389648438 61.490001678466797 61.150001525878906 60.840000152587891 60.490001678466797 60.240001678466797 59.950000762939453 60.139999389648438 59.439998626708984 59.099998474121094 58.919998168945313
65.660003662109375 66.040000915527344 66.319999694824219 66.660003662109375 67.050003051757812 67.160003662109375 67.339996337890625 67.459999084472656 67.550003051757812 67.620002746582031 67.569999694824219 67.580001831054688 67.580001831054688 67.650001525878906 67.699996948242188 67.870002746582031 67.150001525878906 66.379997253417969 66.540000915527344 66.589996337890625 66.730003356933594 66.550003051757812 66.400001525878906 66.199996948242187 65.930000305175781 65.709999084472656 65.449996948242188 65.25 64.889999389648438 64.639999389648438 64.30999755859375 64.010002136230469 63.130001068115234 62.919998168945313 62.810001373291016 62.560001373291016 62.200000762939453 61.930000305175781 61.669998168945313 61.360000610351562 61.220001220703125 60.939998626708984 60.840000152587891 60.659999847412109
65.660003662109375 66.080001831054687 66.569999694824219 66.989997863769531 67.279998779296875 67.639999389648438 67.819999694824219 68.029998779296875 68.139999389648438 68.209999084472656 68.269996643066406 68.220001220703125 68.25 68.330001831054688 68.419998168945313 68.459999084472656 68.650001525878906 67.989997863769531 67.099998474121094 67.480003356933594 67.730003356933594 67.660003662109375 67.540000915527344 67.349998474121094 67.110000610351563 66.900001525878906 66.69000244140625 66.459999084472656 66.139999389648437 65.779998779296875 65.519996643066406 65.230003356933594 65.010002136230469 64.370002746582031 63.880001068115234 63.959999084472656 63.729999542236328 63.369998931884766 63.119998931884766 62.880001068115234 62.580001831054688 62.729999542236328 62.430000305175781 62.299999237060547
65.69000244140625 66.290000915527344 66.790000915527344 67.110000610351563 67.599998474121094 67.900001525878906 68.279998779296875 68.529998779296875 68.709999084472656 68.779998779296875 68.860000610351563 68.849998474121094 68.930000305175781 68.970001220703125 69.080001831054687 69.160003662109375 69.239997863769531 69.379997253417969 69.169998168945313 67.930000305175781 68.360000610351563 68.620002746582031 68.589996337890625 68.480003356933594 68.239997863769531 68.029998779296875 67.80999755859375 67.569999694824219 67.330001831054687 67.040000915527344 66.769996643066406 66.5 66.269996643066406 66.110000610351563 65.589996337890625 65.080001831054687 65.120002746582031 64.930000305175781 64.709999084472656 64.5 64.349998474121094 64.180000305175781 64.05999755859375 63.840000152587891
65.870002746582031 66.370002746582031 66.830001831054687 67.370002746582031 67.80999755859375 68.25 68.639999389648438 68.930000305175781 69.239997863769531 69.379997253417969 69.419998168945313 69.489997863769531 69.5 69.599998474121094 69.709999084472656 69.830001831054688 69.919998168945313 70.010002136230469 70.19000244140625 70.069999694824219 68.760002136230469 69.120002746582031 69.44000244140625 69.44000244140625 69.349998474121094 69.160003662109375 68.930000305175781 68.660003662109375 68.459999084472656 68.269996643066406 68.010002136230469 67.830001831054687 67.620002746582031 67.379997253417969 67.230003356933594 67.620002746582031 66.410003662109375 66.419998168945313 66.199996948242187 66.129997253417969 65.970001220703125 65.889999389648438 65.739997863769531 65.5
65.849998474121094 66.379997253417969 66.989997863769531 67.44000244140625 67.980003356933594 68.410003662109375 68.830001831054688 69.239997863769531 69.620002746582031 69.800003051757812 69.919998168945313 69.989997863769531 70.050003051757813 70.209999084472656 70.379997253417969 70.459999084472656 70.550003051757813 70.720001220703125 70.790000915527344 70.930000305175781 71.069999694824219 69.599998474121094 69.709999084472656 70.150001525878906 70.260002136230469 70.160003662109375 69.970001220703125 69.739997863769531 69.589996337890625 69.389999389648438 69.230003356933594 69.139999389648438 68.900001525878906 68.730003356933594 68.589996337890625 68.430000305175781 68.379997253417969 67.629997253417969 67.75 67.709999084472656 67.550003051757812 67.480003356933594 67.349998474121094 67.139999389648438
65.830001831054688 66.470001220703125 66.989997863769531 67.580001831054688 68.080001831054687 68.540000915527344 69.010002136230469 69.44000244140625 69.819999694824219 70.089996337890625 70.319999694824219 70.459999084472656 70.589996337890625 70.699996948242187 70.889999389648438 71.069999694824219 71.169998168945313 71.30999755859375 71.410003662109375 71.55999755859375 71.730003356933594 71.550003051757812 70.519996643066406 70.410003662109375 70.930000305175781 70.980003356933594 70.959999084472656 70.800003051757813 70.680000305175781 70.550003051757813 70.470001220703125 70.300003051757813 70.19000244140625 70.040000915527344 69.930000305175781 69.779998779296875 69.660003662109375 69.610000610351563 69.19000244140625 68.989997863769531 69.069999694824219 69.029998779296875 68.919998168945313 68.720001220703125
65.779998779296875 66.44000244140625 67.010002136230469 67.529998779296875 68.099998474121094 68.629997253417969 69.040000915527344 69.459999084472656 69.910003662109375 70.239997863769531 70.529998779296875 70.760002136230469 70.949996948242188 71.139999389648438 71.349998474121094 71.540000915527344 71.669998168945313 71.80999755859375 72.029998779296875 72.139999389648438 72.360000610351563 72.44000244140625 72.540000915527344 71.25 71.089996337890625 71.650001525878906 71.769996643066406 71.80999755859375 71.699996948242188 71.660003662109375 71.620002746582031 71.550003051757812 71.480003356933594 71.300003051757813 71.19000244140625 71.080001831054688 71 70.910003662109375 70.819999694824219 70.760002136230469 70.05999755859375 70.290000915527344 70.279998779296875 70.080001831054687
65.760002136230469 66.349998474121094 66.919998168945312 67.449996948242188 68 68.5 68.959999084472656 69.449996948242188 69.839996337890625 70.220001220703125 70.650001525878906 70.959999084472656 71.279998779296875 71.510002136230469 71.730003356933594 71.959999084472656 72.139999389648438 72.339996337890625 72.55999755859375 72.660003662109375 72.779998779296875 73 73.029998779296875 73.089996337890625 72.029998779296875 71.650001525878906 72.239997863769531 72.589996337890625 72.639999389648438 72.669998168945313 72.650001525878906 72.639999389648438 72.589996337890625 72.529998779296875 72.44000244140625 72.379997253417969 72.279998779296875 72.25 72.120002746582031 72.029998779296875 72.019996643066406 71.410003662109375 71.400001525878906 71.339996337890625
