depth-data/MillBrook/MillBrock/millbrook_DTM_10m_resample1m.asc
ncols        200
nrows        200
xllcorner    241000.000000000000
yllcorner    51000.000000000000
cellsize     10.000000000000
NODATA_value  -9999
[rows 0 to 18 of 200, columns 0 to 43 of 200]
108.55500030517578 108.5 108.40499877929687 108.17500305175781 107.82499694824219 107.35250091552734 106.95500183105469 106.5 105.98999786376953 105.55999755859375 105.22250366210937 104.97750091552734 104.80249786376953 104.52500152587891 104.27249908447266 104.125 103.875 103.5625 103.21250152587891 102.97750091552734 102.66999816894531 102.19499969482422 101.57749938964844 100.91000366210937 100.23249816894531 99.520004272460938 98.724998474121094 97.930000305175781 97.242500305175781 96.444999694824219 95.62249755859375 94.605003356933594 93.292503356933594 91.785003662109375 90.142501831054688 88.245002746582031 86.150001525878906 83.147499084472656 80.907501220703125 78.222503662109375 76.050003051757812 72.585006713867188 71.362503051757812 70.072502136230469
108.41750335693359 108.47000122070312 108.47000122070312 108.35499572753906 108.02749633789062 107.45500183105469 106.91249847412109 106.35250091552734 105.84999847412109 105.42250061035156 105.10749816894531 104.84249877929687 104.69000244140625 104.50250244140625 104.33750152587891 104.17500305175781 103.98750305175781 103.72250366210937 103.28250122070312 103.21250152587891 102.96749877929687 102.52749633789062 101.89250183105469 101.20749664306641 100.51750183105469 99.805000305175781 98.947502136230469 98.107498168945313 97.270004272460938 96.487503051757813 95.599998474121094 94.542495727539063 93.3125 91.895004272460938 90.270004272460938 88.462501525878906 86.547500610351563 83.482498168945313 80.830001831054688 78.197502136230469 73.294998168945313 71.129997253417969 68.794998168945313 66.867500305175781
108.28250122070312 108.34750366210937 108.3699951171875 108.25749969482422 107.94999694824219 107.42250061035156 106.79750061035156 106.26250457763672 105.61250305175781 105.20249938964844 104.90249633789062 104.63249969482422 104.49500274658203 104.32499694824219 104.12249755859375 104.04000091552734 103.89500427246094 103.66749572753906 103.36250305175781 103.23500061035156 103.02749633789062 102.63999938964844 102.15000152587891 101.45750427246094 100.79750061035156 100.00749969482422 99.175003051757813 98.294998168945313 97.407501220703125 96.495002746582031 95.485000610351563 94.305000305175781 93.089996337890625 91.75250244140625 90.205001831054688 88.459999084472656 86.602500915527344 83.592498779296875 81.157501220703125 77.422500610351563 73.422500610351563 70.007499694824219 66.69000244140625 64.022499084472656
107.83499908447266 107.86250305175781 107.83250427246094 107.74749755859375 107.50250244140625 107.08750152587891 106.48500061035156 105.91249847412109 105.29750061035156 104.875 104.57250213623047 104.33999633789062 104.17749786376953 103.99250030517578 103.77500152587891 103.65750122070312 103.55999755859375 103.36750030517578 103.01249694824219 103.04249572753906 102.88249969482422 102.55999755859375 102.0574951171875 101.45500183105469 100.72499847412109 99.962501525878906 99.237503051757813 98.375 97.5 96.529998779296875 95.4425048828125 94.227500915527344 92.959999084472656 91.612503051757813 90.107498168945313 88.404998779296875 86.62750244140625 84.620002746582031 81.74749755859375 77.364997863769531 73.639999389648437 69.467498779296875 65.5574951171875 61.930000305175781
107.19000244140625 107.13249969482422 107.09750366210937 106.98000335693359 106.71499633789062 106.33000183105469 105.83999633789062 105.34999847412109 104.79499816894531 104.38500213623047 104.06999969482422 103.91500091552734 103.75499725341797 103.53250122070312 103.31500244140625 103.13999938964844 103.03499603271484 102.86750030517578 102.52749633789062 102.49500274658203 102.38500213623047 102.18499755859375 101.76499938964844 101.24749755859375 100.58000183105469 99.885002136230469 99.142501831054688 98.364997863769531 97.472503662109375 96.525001525878906 95.444999694824219 94.254997253417969 93.007499694824219 91.639999389648437 90.1824951171875 88.582504272460938 86.800003051757813 85.220001220703125 81.5 78.095001220703125 74 69.512496948242188 65.025001525878906 60.907501220703125
106.35500335693359 106.27500152587891 106.16999816894531 106.00499725341797 105.72499847412109 105.41500091552734 105.04249572753906 104.64999389648437 104.15499877929687 103.81999969482422 103.57499694824219 103.41249847412109 103.26000213623047 103 102.77999877929687 102.5675048828125 102.41749572753906 102.23249816894531 101.88749694824219 101.78499603271484 101.68499755859375 101.52249908447266 101.16000366210937 100.70999908447266 100.1300048828125 99.527496337890625 98.897499084472656 98.207504272460938 97.415000915527344 96.432502746582031 95.397499084472656 94.277496337890625 93.092498779296875 91.8125 90.470001220703125 88.904998779296875 87.197494506835938 84.917495727539063 82.12249755859375 78.694999694824219 74.457504272460938 69.544998168945313 64.830001831054688 60.422500610351563
105.3175048828125 105.22750091552734 105.11499786376953 104.88749694824219 104.63999938964844 104.37750244140625 104.125 103.90000152587891 103.56749725341797 103.26499938964844 103.06749725341797 102.87750244140625 102.63999938964844 102.36750030517578 102.05999755859375 101.84750366210937 101.61250305175781 101.48500061035156 101.18250274658203 100.73749542236328 100.97750091552734 100.70249938964844 100.41000366210937 100.04000091552734 99.582496643066406 99.12249755859375 98.550003051757813 97.860000610351563 97.139999389648438 96.254997253417969 95.180000305175781 94.175003051757813 93.117500305175781 91.927497863769531 90.555000305175781 89.010002136230469 87.735000610351562 85.182502746582031 82.607498168945313 79.205001831054688 74.757499694824219 69.772499084472656 64.902496337890625 60.279998779296875
104.30999755859375 104.22000122070312 104.13249969482422 103.94000244140625 103.73750305175781 103.5625 103.40249633789062 103.26750183105469 103.03749847412109 102.76000213623047 102.55000305175781 102.26000213623047 101.97999572753906 101.64749908447266 101.33250427246094 101.05500030517578 100.82499694824219 100.69000244140625 100.50499725341797 99.977500915527344 100.16999816894531 99.847503662109375 99.592498779296875 99.2550048828125 98.892501831054687 98.465003967285156 97.992500305175781 97.422500610351563 96.705001831054688 95.862503051757812 94.955001831054687 93.967498779296875 92.87249755859375 91.705001831054688 90.455001831054687 89.18499755859375 87.415000915527344 85.56500244140625 83.169998168945313 79.647499084472656 74.9949951171875 69.870002746582031 64.9375 60.292499542236328
103.48750305175781 103.48750305175781 103.43000030517578 103.27749633789062 103.11499786376953 102.97250366210937 102.83750152587891 102.71499633789062 102.43000030517578 102.09750366210937 101.88249969482422 101.52999877929687 101.18000030517578 100.82499694824219 100.48750305175781 100.22499847412109 100.00499725341797 99.879997253417969 99.722503662109375 99.330001831054688 99.1824951171875 99.032501220703125 98.739997863769531 98.427505493164062 98.12249755859375 97.757499694824219 97.337493896484375 96.870002746582031 96.290000915527344 95.432502746582031 94.5574951171875 93.629997253417969 92.625 91.449996948242188 90.389999389648438 89.162498474121094 87.180000305175781 85.349998474121094 83.102500915527344 79.680000305175781 74.6925048828125 69.4949951171875 64.737503051757813 60.197498321533203
102.73999786376953 102.76249694824219 102.76499938964844 102.62249755859375 102.47999572753906 102.26249694824219 102.11750030517578 101.91249847412109 101.56999969482422 101.23249816894531 100.96249389648437 100.60250091552734 100.2449951171875 99.919998168945313 99.572502136230469 99.37249755859375 99.207496643066406 98.992500305175781 98.802497863769531 98.582496643066406 97.962501525878906 98.18499755859375 97.854995727539063 97.552497863769531 97.277496337890625 96.972503662109375 96.610000610351563 96.2449951171875 95.75250244140625 95.012496948242188 94.12750244140625 93.1875 92.242500305175781 91.25 90.217498779296875 88.354995727539062 86.87249755859375 84.87249755859375 81.805000305175781 77.767501831054687 73.229995727539062 68.457496643066406 63.93499755859375 59.642501831054688
101.89749908447266 101.95999908447266 101.9425048828125 101.84249877929687 101.70249938964844 101.44999694824219 101.21250152587891 100.90750122070312 100.55000305175781 100.19249725341797 99.932502746582031 99.555000305175781 99.230003356933594 98.970001220703125 98.680000305175781 98.510002136230469 98.352500915527344 98.099998474121094 97.87249755859375 97.737503051757813 97.202499389648437 97.202499389648437 96.910003662109375 96.652496337890625 96.402496337890625 96.139999389648438 95.827499389648437 95.542495727539063 95.167495727539063 94.5625 93.75250244140625 92.760002136230469 91.925003051757813 90.955001831054687 89.18499755859375 87.87750244140625 86.150001525878906 83.7449951171875 80.014999389648437 75.464996337890625 70.972503662109375 66.604995727539063 62.470001220703125 58.369998931884766
101.03749847412109 101.01499938964844 100.95249938964844 100.89749908447266 100.74500274658203 100.48000335693359 100.17250061035156 99.842498779296875 99.527496337890625 99.135002136230469 98.892501831054687 98.590003967285156 98.277496337890625 98.050003051757813 97.887496948242188 97.705001831054687 97.547500610351563 97.282501220703125 97.040000915527344 96.839996337890625 96.507499694824219 96.037498474121094 96.19000244140625 95.870002746582031 95.647499084472656 95.444999694824219 95.145004272460938 94.847503662109375 94.449996948242188 93.952499389648438 93.194999694824219 92.512504577636719 91.262496948242188 89.930000305175781 88.660003662109375 87.042495727539063 85.077499389648437 82.012496948242188 77.722503662109375 73.1875 68.660003662109375 64.430000305175781 60.544998168945313 56.332496643066406
100.19500732421875 100.06749725341797 100.01499938964844 99.887496948242188 99.727500915527344 99.480003356933594 99.172500610351562 98.902496337890625 98.574996948242188 98.197502136230469 97.992500305175781 97.7550048828125 97.5050048828125 97.302497863769531 97.117500305175781 96.93499755859375 96.777496337890625 96.525001525878906 96.290000915527344 96.110000610351563 95.970001220703125 95.577499389648438 95.5 95.270004272460938 95.069999694824219 94.887496948242188 94.577499389648438 94.225006103515625 93.862503051757813 93.417495727539063 92.889999389648437 91.44000244140625 90.537498474121094 89.382499694824219 87.902496337890625 86.214996337890625 83.785003662109375 80.077499389648438 75.464996337890625 70.75250244140625 66.322502136230469 62.147499084472656 58.107498168945313 53.93499755859375
99.455001831054687 99.279998779296875 99.169998168945313 99.025001525878906 98.864997863769531 98.587501525878906 98.3125 98.069999694824219 97.824996948242188 97.529998779296875 97.3074951171875 97.080001831054688 96.839996337890625 96.680000305175781 96.5 96.300003051757813 96.1199951171875 95.824996948242188 95.582496643066406 95.537498474121094 95.482498168945313 95.06500244140625 95.035003662109375 94.902496337890625 94.699996948242188 94.397499084472656 94.107498168945313 93.68499755859375 93.389999389648437 92.964996337890625 91.760002136230469 91.077499389648438 89.962501525878906 88.62249755859375 87.032501220703125 85.092498779296875 82.169998168945313 78.132499694824219 73.37249755859375 68.682502746582031 64.237503051757812 59.517501831054687 55.665000915527344 52.142498016357422
98.852500915527344 98.652496337890625 98.485000610351562 98.322502136230469 98.137496948242188 97.910003662109375 97.6875 97.480003356933594 97.25 96.955001831054688 96.724998474121094 96.540000915527344 96.349998474121094 96.154998779296875 95.99749755859375 95.792495727539062 95.477500915527344 95.044998168945313 94.735000610351563 94.8074951171875 94.947502136230469 94.817497253417969 94.639999389648438 94.667503356933594 94.31500244140625 93.9324951171875 93.595001220703125 93.262496948242187 92.720001220703125 91.915000915527344 91.342498779296875 90.480003356933594 89.31500244140625 87.847503662109375 86.114997863769531 83.547500610351562 80.0050048828125 75.790000915527344 71.339996337890625 66.767501831054688 61.977500915527344 57.659999847412109 54.180000305175781 51.365001678466797
98.235000610351563 98.0625 97.8699951171875 97.762496948242187 97.62750244140625 97.430000305175781 97.245002746582031 97.025001525878906 96.8074951171875 96.367500305175781 96.297500610351563 96.137496948242188 95.970001220703125 95.779998779296875 95.599998474121094 95.332504272460938 94.985000610351563 94.584999084472656 94.260002136230469 94.227500915527344 94.475006103515625 94.552497863769531 94.224998474121094 94.305000305175781 93.930000305175781 93.650001525878906 93.1875 92.419998168945313 91.917495727539063 91.379997253417969 90.50250244140625 89.589996337890625 88.432502746582031 87.072502136230469 84.93499755859375 81.660003662109375 77.597503662109375 73.384994506835938 69.114997863769531 64.404998779296875 59.939998626708984 56.510002136230469 55.130001068115234 52.145000457763672
97.675003051757813 97.537506103515625 97.357498168945313 97.267501831054688 97.172500610351563 97.012496948242188 96.860000610351563 96.652496337890625 96.392501831054688 96.150001525878906 95.955001831054687 95.785003662109375 95.6199951171875 95.402496337890625 95.194999694824219 94.864997863769531 94.56500244140625 94.242500305175781 93.875 93.882499694824219 94.057502746582031 94.152496337890625 94.012496948242188 93.714996337890625 93.647499084472656 93.222503662109375 92.349998474121094 91.907501220703125 91.212501525878906 90.322494506835938 89.422500610351563 88.477500915527344 87.267501831054687 85.294998168945313 82.605003356933594 79.167503356933594 74.99749755859375 70.80999755859375 66.542495727539063 62.092498779296875 58.974998474121094 56.807498931884766 55.042499542236328 53.697502136230469
97.00250244140625 96.944999694824219 96.830001831054687 96.739997863769531 96.662498474121094 96.574996948242188 96.49749755859375 96.275001525878906 96.025001525878906 95.805000305175781 95.614997863769531 95.427497863769531 95.275001525878906 95.069999694824219 94.8074951171875 94.492500305175781 94.25 93.967498779296875 93.614997863769531 93.602500915527344 93.727500915527344 93.764999389648437 93.610000610351563 93.180000305175781 93.165000915527344 92.580001831054688 91.992500305175781 91.12750244140625 90.0625 89.097503662109375 88.037498474121094 86.875 84.99749755859375 82.404998779296875 79.212501525878906 75.8125 71.995002746582031 68.097503662109375 64.199996948242188 61.639999389648438 59.735000610351563 57.972499847412109 56.735000610351563 55.822502136230469
96.242500305175781 96.160003662109375 96.149993896484375 96.112503051757813 96.12750244140625 96.102500915527344 96.0675048828125 95.824996948242188 95.569999694824219 95.404998779296875 95.207504272460937 94.989997863769531 94.845001220703125 94.617500305175781 94.352500915527344 94.042495727539062 93.787498474121094 93.587501525878906 93.162498474121094 93.092498779296875 93.072502136230469 93.404998779296875 93.0625 92.955001831054688 92.717498779296875 92.114997863769531 91.279998779296875 90.12249755859375 88.792495727539063 87.345001220703125 86.080001831054687 84.227500915527344 81.845001220703125 79.007499694824219 75.819999694824219 72.62249755859375 69.389999389648438 66.62750244140625 64.447502136230469 62.662498474121094 61.110000610351563 59.987503051757813 59.145000457763672 58.322502136230469
