depth-data/MillBrook/MillBrock/millbrook_DTM_5m_resample1m.asc
ncols        400
nrows        400
xllcorner    241000.000000000000
yllcorner    51000.000000000000
cellsize     5.000000000000
NODATA_value  -9999
[rows 342 to 360 of 400, columns 44 to 87 of 400]
118.58999633789062 118.86000061035156 119.16000366210937 119.43000030517578 119.66000366210937 119.90000152587891 120.09999847412109 120.33000183105469 120.52999877929687 120.70999908447266 120.88999938964844 121.02999877929687 121.23000335693359 121.33000183105469 121.47000122070312 121.55999755859375 121.59999847412109 121.58000183105469 121.65000152587891 121.59999847412109 121.59999847412109 121.54000091552734 121.55999755859375 121.51999664306641 121.51999664306641 121.44999694824219 121.36000061035156 121.29000091552734 121.11000061035156 120.97000122070312 120.86000061035156 120.68000030517578 120.52999877929687 120.37000274658203 120.23000335693359 120.04000091552734 119.94000244140625 119.76999664306641 119.62000274658203 119.48999786376953 119.36000061035156 119.23999786376953 119.05999755859375 118.80000305175781
119.15000152587891 119.41999816894531 119.69999694824219 119.95999908447266 120.23999786376953 120.44000244140625 120.63999938964844 120.86000061035156 121.04000091552734 121.19000244140625 121.38999938964844 121.54000091552734 121.63999938964844 121.77999877929687 121.91999816894531 122.01999664306641 122.06999969482422 122.08999633789062 122.08999633789062 122.09999847412109 122.05999755859375 122 121.97000122070312 121.97000122070312 121.90000152587891 121.84999847412109 121.79000091552734 121.68000030517578 121.61000061035156 121.48000335693359 121.36000061035156 121.23000335693359 121.11000061035156 120.90000152587891 120.76999664306641 120.56999969482422 120.44999694824219 120.26999664306641 120.02999877929687 119.88999938964844 119.77999877929687 119.58000183105469 119.44999694824219 119.30999755859375
119.66999816894531 119.94000244140625 120.20999908447266 120.48000335693359 120.72000122070312 120.91000366210937 121.12999725341797 121.33999633789062 121.5 121.69000244140625 121.87000274658203 121.94999694824219 122.09999847412109 122.25 122.37999725341797 122.47000122070312 122.47000122070312 122.52999877929687 122.54000091552734 122.54000091552734 122.5 122.40000152587891 122.34999847412109 122.37000274658203 122.29000091552734 122.20999908447266 122.11000061035156 122.08999633789062 122 121.95999908447266 121.80999755859375 121.65000152587891 121.54000091552734 121.37999725341797 121.18000030517578 121.04000091552734 120.90000152587891 120.70999908447266 120.51999664306641 120.31999969482422 120.05000305175781 119.98000335693359 119.73000335693359 119.62000274658203
120.16000366210937 120.37000274658203 120.70999908447266 120.94999694824219 121.19000244140625 121.38999938964844 121.66000366210937 121.80000305175781 121.98999786376953 122.12000274658203 122.25 122.41000366210937 122.56999969482422 122.69000244140625 122.76999664306641 122.86000061035156 122.88999938964844 122.93000030517578 122.93000030517578 122.91999816894531 122.93000030517578 122.83000183105469 122.73999786376953 122.76000213623047 122.66999816894531 122.56999969482422 122.54000091552734 122.48000335693359 122.37999725341797 122.29000091552734 122.19000244140625 122.05000305175781 121.93000030517578 121.80000305175781 121.65000152587891 121.51999664306641 121.29000091552734 121.19999694824219 120.94000244140625 120.80000305175781 120.58999633789062 120.31999969482422 120.19999694824219 119.91000366210937
120.58999633789062 120.83999633789062 121.11000061035156 121.37000274658203 121.58999633789062 121.81999969482422 122.04000091552734 122.23000335693359 122.37999725341797 122.56999969482422 122.69999694824219 122.87000274658203 122.98999786376953 123.09999847412109 123.19999694824219 123.26000213623047 123.29000091552734 123.30000305175781 123.33000183105469 123.30000305175781 123.25 123.19000244140625 123.19999694824219 123.12999725341797 123.04000091552734 123.01999664306641 122.95999908447266 122.84999847412109 122.75 122.59999847412109 122.55999755859375 122.45999908447266 122.33999633789062 122.18000030517578 122.01999664306641 121.87000274658203 121.69999694824219 121.55999755859375 121.38999938964844 121.19999694824219 121.01999664306641 120.79000091552734 120.59999847412109 120.52999877929687
120.97000122070312 121.22000122070312 121.51000213623047 121.73000335693359 121.94000244140625 122.16000366210937 122.36000061035156 122.58000183105469 122.73999786376953 122.91000366210937 123.12000274658203 123.26000213623047 123.37000274658203 123.47000122070312 123.56999969482422 123.61000061035156 123.62999725341797 123.63999938964844 123.69000244140625 123.62000274658203 123.59999847412109 123.56999969482422 123.55999755859375 123.48999786376953 123.45999908447266 123.41000366210937 123.31999969482422 123.16999816894531 123.12999725341797 123 122.91999816894531 122.86000061035156 122.75 122.59999847412109 122.43000030517578 122.27999877929687 122.08000183105469 121.87999725341797 121.76000213623047 121.58000183105469 121.41999816894531 121.20999908447266 121.04000091552734 120.79000091552734
121.33999633789062 121.59999847412109 121.86000061035156 122.09999847412109 122.30000305175781 122.51999664306641 122.65000152587891 122.90000152587891 123.09999847412109 123.29000091552734 123.48000335693359 123.62999725341797 123.76999664306641 123.83999633789062 123.90000152587891 123.91000366210937 123.98999786376953 123.97000122070312 123.98000335693359 123.94999694824219 123.94999694824219 123.93000030517578 123.91000366210937 123.73999786376953 123.76000213623047 123.68000030517578 123.56999969482422 123.51000213623047 123.44000244140625 123.33000183105469 123.29000091552734 123.20999908447266 123.01999664306641 122.91000366210937 122.76000213623047 122.63999938964844 122.45999908447266 122.29000091552734 122.13999938964844 121.93000030517578 121.76999664306641 121.51999664306641 121.47000122070312 121.36000061035156
121.75 121.98000335693359 122.25 122.47000122070312 122.63999938964844 122.87000274658203 123.08999633789062 123.23000335693359 123.41999816894531 123.65000152587891 123.83000183105469 123.98000335693359 124.11000061035156 124.19000244140625 124.26000213623047 124.27999877929687 124.30999755859375 124.33999633789062 124.33999633789062 124.29000091552734 124.23000335693359 124.22000122070312 124.23999786376953 124.12000274658203 124.04000091552734 123.95999908447266 123.87999725341797 123.83999633789062 123.77999877929687 123.66000366210937 123.58000183105469 123.47000122070312 123.40000152587891 123.26000213623047 123.11000061035156 122.98000335693359 122.79000091552734 122.59999847412109 122.41000366210937 122.19999694824219 122.02999877929687 121.76000213623047 121.56999969482422 121.61000061035156
122.12999725341797 122.33999633789062 122.65000152587891 122.81999969482422 123.05999755859375 123.30000305175781 123.44999694824219 123.66000366210937 123.80999755859375 124.02999877929687 124.15000152587891 124.33000183105469 124.44999694824219 124.54000091552734 124.62000274658203 124.63999938964844 124.68000030517578 124.69000244140625 124.65000152587891 124.65000152587891 124.55999755859375 124.52999877929687 124.44999694824219 124.38999938964844 124.33000183105469 124.25 124.20999908447266 124.13999938964844 124.08999633789063 123.98000335693359 123.86000061035156 123.75 123.66999816894531 123.58999633789062 123.43000030517578 123.29000091552734 123.11000061035156 122.95999908447266 122.77999877929687 122.58000183105469 122.37000274658203 122.16000366210937 121.91999816894531 121.68000030517578
122.5 122.69999694824219 122.97000122070312 123.19000244140625 123.38999938964844 123.61000061035156 123.79000091552734 124.01000213623047 124.19000244140625 124.37000274658203 124.51000213623047 124.62000274658203 124.76999664306641 124.88999938964844 124.91999816894531 125.01999664306641 125.08000183105469 125.08999633789063 125 124.97000122070312 124.88999938964844 124.80999755859375 124.72000122070312 124.69000244140625 124.61000061035156 124.55999755859375 124.48000335693359 124.41000366210937 124.33000183105469 124.22000122070312 124.16000366210937 124.02999877929687 123.94999694824219 123.80999755859375 123.73000335693359 123.62999725341797 123.44000244140625 123.25 123.05999755859375 122.94000244140625 122.68000030517578 122.40000152587891 122.09999847412109 121.88999938964844
122.81999969482422 123.09999847412109 123.29000091552734 123.56999969482422 123.76000213623047 123.93000030517578 124.12999725341797 124.31999969482422 124.48999786376953 124.63999938964844 124.80000305175781 124.97000122070312 125.08999633789063 125.19999694824219 125.26999664306641 125.31999969482422 125.37999725341797 125.41000366210937 125.33000183105469 125.26000213623047 125.16999816894531 125.11000061035156 125.08999633789063 124.98000335693359 124.90000152587891 124.81999969482422 124.79000091552734 124.63999938964844 124.58999633789062 124.48999786376953 124.38999938964844 124.27999877929687 124.22000122070312 124.09999847412109 123.98999786376953 124.08000183105469 123.77999877929687 123.59999847412109 123.41000366210937 123.15000152587891 122.84999847412109 122.72000122070312 122.68000030517578 122.36000061035156
123.12000274658203 123.41000366210937 123.63999938964844 123.87999725341797 124.05000305175781 124.26999664306641 124.44000244140625 124.59999847412109 124.79000091552734 124.91000366210937 125.08999633789063 125.22000122070313 125.34999847412109 125.44000244140625 125.54000091552734 125.66000366210937 125.70999908447266 125.69000244140625 125.61000061035156 125.5 125.45999908447266 125.37999725341797 125.30999755859375 125.26000213623047 125.18000030517578 125.05999755859375 125.01000213623047 124.93000030517578 124.83999633789063 124.73999786376953 124.62000274658203 124.51999664306641 124.45999908447266 124.38999938964844 124.22000122070312 124.25 124.12999725341797 123.79000091552734 123.62000274658203 123.66000366210937 123.30999755859375 123.05999755859375 122.75 122.48999786376953
123.41000366210937 123.69000244140625 123.91999816894531 124.11000061035156 124.36000061035156 124.52999877929687 124.73000335693359 124.88999938964844 125.05999755859375 125.22000122070313 125.33000183105469 125.5 125.58999633789062 125.69999694824219 125.77999877929688 125.83999633789062 125.91000366210937 125.87999725341797 125.87000274658203 125.81999969482422 125.75 125.69000244140625 125.61000061035156 125.52999877929687 125.44000244140625 125.37000274658203 125.30000305175781 125.19000244140625 125.12999725341797 125 124.94999694824219 124.87000274658203 124.75 124.72000122070312 124.52999877929687 124.34999847412109 124.26999664306641 124.16000366210937 124.05999755859375 123.72000122070312 123.44000244140625 123.19999694824219 122.98000335693359 122.75
123.70999908447266 123.97000122070312 124.18000030517578 124.40000152587891 124.62000274658203 124.81999969482422 124.98999786376953 125.15000152587891 125.33999633789063 125.44999694824219 125.58999633789062 125.70999908447266 125.80000305175781 125.87999725341797 125.93000030517578 125.98000335693359 126.02999877929688 126.05999755859375 126.08999633789062 126.02999877929688 126 125.91000366210937 125.84999847412109 125.77999877929688 125.68000030517578 125.62999725341797 125.51999664306641 125.44999694824219 125.38999938964844 125.26999664306641 125.16999816894531 125.13999938964844 125.02999877929687 124.98000335693359 124.80999755859375 124.68000030517578 124.59999847412109 124.44000244140625 124.13999938964844 123.98000335693359 123.69000244140625 123.45999908447266 123.19999694824219 123.02999877929687
124 124.18000030517578 124.44000244140625 124.62000274658203 124.87000274658203 125.05999755859375 125.20999908447266 125.38999938964844 125.55000305175781 125.69999694824219 125.84999847412109 125.93000030517578 126 126.04000091552734 126.09999847412109 126.15000152587891 126.20999908447266 126.26000213623047 126.23000335693359 126.19000244140625 126.18000030517578 126.08999633789062 126.04000091552734 126 125.94000244140625 125.87999725341797 125.80000305175781 125.70999908447266 125.59999847412109 125.58000183105469 125.56999969482422 125.48000335693359 125.26000213623047 125.09999847412109 125.08000183105469 124.94000244140625 124.69000244140625 124.47000122070312 124.31999969482422 124.12999725341797 123.93000030517578 123.77999877929687 123.61000061035156 123.37000274658203
124.22000122070312 124.44999694824219 124.66000366210937 124.87999725341797 125.08999633789063 125.26999664306641 125.44999694824219 125.62000274658203 125.76999664306641 125.91999816894531 126.01999664306641 126.11000061035156 126.18000030517578 126.23999786376953 126.30999755859375 126.34999847412109 126.38999938964844 126.38999938964844 126.41000366210937 126.36000061035156 126.33999633789062 126.26000213623047 126.19000244140625 126.16000366210937 126.12000274658203 126.06999969482422 126.02999877929688 126 126.06999969482422 125.87000274658203 125.70999908447266 125.61000061035156 125.55000305175781 125.55000305175781 125.36000061035156 125.05999755859375 124.94000244140625 124.73000335693359 124.48000335693359 124.34999847412109 124.23999786376953 124.05999755859375 123.86000061035156 123.58999633789062
124.41999816894531 124.66000366210937 124.86000061035156 125.01999664306641 125.26999664306641 125.44999694824219 125.61000061035156 125.76000213623047 125.94000244140625 126.05000305175781 126.12999725341797 126.27999877929687 126.37000274658203 126.44999694824219 126.48000335693359 126.54000091552734 126.54000091552734 126.55000305175781 126.48000335693359 126.5 126.44000244140625 126.41000366210937 126.37000274658203 126.30000305175781 126.23999786376953 126.23999786376953 126.18000030517578 126.11000061035156 126.26000213623047 126.06999969482422 126.02999877929688 126.01000213623047 125.79000091552734 125.58000183105469 125.66999816894531 125.41999816894531 125.26999664306641 125.01000213623047 124.80999755859375 124.62999725341797 124.48999786376953 124.25 124.08000183105469 123.87999725341797
124.58999633789062 124.80000305175781 125.04000091552734 125.23000335693359 125.47000122070312 125.65000152587891 125.81999969482422 125.91999816894531 126.11000061035156 126.19999694824219 126.29000091552734 126.44000244140625 126.51000213623047 126.61000061035156 126.65000152587891 126.66000366210937 126.66000366210937 126.66000366210937 126.59999847412109 126.62000274658203 126.55999755859375 126.5 126.48000335693359 126.45999908447266 126.41999816894531 126.43000030517578 126.37999725341797 126.26999664306641 126.30000305175781 126.29000091552734 126.18000030517578 126.08999633789062 126.05999755859375 125.80999755859375 125.69000244140625 125.65000152587891 125.44999694824219 125.33999633789063 125.05999755859375 124.86000061035156 124.66999816894531 124.5 124.26999664306641 124.08999633789063
124.73000335693359 124.94999694824219 125.16999816894531 125.37000274658203 125.61000061035156 125.83000183105469 125.93000030517578 126.05000305175781 126.19999694824219 126.30999755859375 126.44999694824219 126.55999755859375 126.65000152587891 126.69000244140625 126.75 126.79000091552734 126.80999755859375 126.76999664306641 126.73999786376953 126.70999908447266 126.62999725341797 126.58999633789063 126.56999969482422 126.55999755859375 126.54000091552734 126.55000305175781 126.51999664306641 126.48999786376953 126.43000030517578 126.38999938964844 126.30999755859375 126.27999877929687 126.15000152587891 125.97000122070312 125.79000091552734 125.58000183105469 125.61000061035156 125.44000244140625 125.29000091552734 125.02999877929687 124.84999847412109 124.66999816894531 124.48999786376953 124.25
