depth-data/MillBrook/MillBrock/millbrook_DTM_10m_resample1m.asc
ncols        200
nrows        200
xllcorner    241000.000000000000
yllcorner    51000.000000000000
cellsize     10.000000000000
NODATA_value  -9999
[rows 38 to 56 of 200, columns 132 to 175 of 200]
19.774999618530273 18.450000762939453 18.534999847412109 17.434999465942383 17.100000381469727 11.885000228881836 8.2950000762939453 8.1750001907348633 7.869999885559082 7.244999885559082 7.1449999809265137 7.0325002670288086 7.0450000762939453 7.3425002098083496 7.6324996948242187 7.7024998664855957 8.3675003051757813 8.6175003051757812 7.5950002670288086 7.2100000381469727 6.679999828338623 6.3350000381469727 6.6100001335144043 6.4149999618530273 6.192500114440918 5.8975000381469727 5.4025001525878906 4.7399997711181641 4.6774997711181641 4.5325002670288086 4.4899997711181641 4.25 4.4925003051757812 3.7699999809265137 3.7774999141693115 3.2300000190734863 3.2049999237060547 3.2350001335144043 3.3399999141693115 3.4674999713897705 4.8949999809265137 5.1700000762939453 5.6649999618530273 5.6024999618530273
19.372499465942383 17.790000915527344 17.079999923706055 17.209999084472656 16.592498779296875 16.385000228881836 13.622499465942383 9.3050003051757813 7.0875000953674316 7.3449997901916504 7.442500114440918 7.184999942779541 7.2074999809265137 7.2825002670288086 7.8050003051757812 7.4674997329711914 9.1175003051757812 8.2049999237060547 7.2375001907348633 7.0974998474121094 6.6774997711181641 6.3599996566772461 6.4724998474121094 6.375 6.007500171661377 5.0999999046325684 4.9075002670288086 4.815000057220459 4.6725001335144043 4.432499885559082 3.7000000476837158 3.4600000381469727 2.9850001335144043 2.8899998664855957 2.9225001335144043 3.0250000953674316 2.997499942779541 2.869999885559082 2.9674999713897705 3.0349998474121094 3.122499942779541 3.1624999046325684 3.3975000381469727 4.8249998092651367
19.555000305175781 18.895000457763672 16.424999237060547 16.077499389648437 16.454999923706055 16.192501068115234 14.852499961853027 14.340000152587891 9.5074996948242187 7.119999885559082 7.1999998092651367 7.2399997711181641 7.7199997901916504 8.0399999618530273 7.809999942779541 7.0074996948242187 8.0649995803833008 8.3299999237060547 7.002500057220459 6.9674997329711914 6.6624999046325684 6.2750000953674316 6.2374997138977051 6.2800002098083496 5.8849997520446777 5.1424999237060547 4.565000057220459 4.5275001525878906 4.3324999809265137 3.7625000476837158 2.9125001430511475 3.0474998950958252 3.0274999141693115 2.8299999237060547 2.7849998474121094 2.7249999046325684 2.755000114440918 2.8399999141693115 2.8650000095367432 2.9650001525878906 3.1075000762939453 3.0949997901916504 3.2725000381469727 2.9774999618530273
19.822500228881836 18.672500610351563 17.655000686645508 15.539999961853027 15.097499847412109 14.892499923706055 14.667499542236328 14.047499656677246 13.352499961853027 9.5399999618530273 9.1750001907348633 9.7375001907348633 9.9724998474121094 9.4825000762939453 9.2150001525878906 5.7174997329711914 6.4175000190734863 7.7049999237060547 7.0100002288818359 6.7300000190734863 6.6024999618530273 6.0725002288818359 5.4674997329711914 4.7899999618530273 4.7674999237060547 3.9500000476837158 3.7350001335144043 3.3624999523162842 3.125 3.1749999523162842 2.8900001049041748 2.877500057220459 2.934999942779541 2.8524999618530273 2.9075000286102295 2.8524999618530273 2.7999999523162842 2.8199999332427979 3.0999999046325684 3.1099998950958252 3.1525001525878906 3.2225000858306885 3.122499942779541 3.4100000858306885
20.204999923706055 18.747499465942383 17.887500762939453 15.397500038146973 14.744999885559082 14.427499771118164 14.109999656677246 13.987500190734863 12.899999618530273 11.565000534057617 10.5625 10.597499847412109 10.119999885559082 9.5600004196166992 9.0424995422363281 6.002500057220459 5.8474998474121094 6.940000057220459 5.8924999237060547 5.3324999809265137 4.8249998092651367 4.382500171661377 4.0300002098083496 3.692500114440918 3.442500114440918 3.2925000190734863 3.2874999046325684 3.1549999713897705 3.1424999237060547 3.0149998664855957 2.9275000095367432 2.9825000762939453 3.0425000190734863 3.0074999332427979 2.9549999237060547 2.9650001525878906 2.9275000095367432 2.9474999904632568 3.005000114440918 3.2374999523162842 3.2849998474121094 3.2825000286102295 3.190000057220459 3.1974999904632568
20.122499465942383 19.307500839233398 17.029998779296875 16.799999237060547 14.767499923706055 14.045000076293945 14.002500534057617 13.132499694824219 12.617500305175781 11.777500152587891 11.085000038146973 10.782500267028809 10.172499656677246 9.380000114440918 9.6649999618530273 9.3524999618530273 6.6125001907348633 6.2650003433227539 5.8600001335144043 5.5974998474121094 5.369999885559082 4.7274999618530273 4.4049997329711914 4 3.6424999237060547 3.2999999523162842 3.2849998474121094 3.2150001525878906 3.1099998950958252 3.0724999904632568 2.945000171661377 2.9774999618530273 2.9874999523162842 2.9650001525878906 2.9050002098083496 2.744999885559082 2.7974998950958252 2.9549999237060547 3.0274999141693115 3.3299999237060547 3.3249998092651367 3.380000114440918 3.2425000667572021 3.247499942779541
20.012500762939453 19.452499389648438 17.879999160766602 16.909999847412109 15.204999923706055 13.850000381469727 13.335000038146973 12.920000076293945 12.272500038146973 11.657499313354492 10.880000114440918 10.542499542236328 9.942500114440918 9.3350000381469727 8.8225002288818359 7.3975000381469727 6.9149999618530273 6.8274998664855957 6.0925002098083496 5.8874998092651367 5.2125000953674316 5.0974998474121094 4.4499998092651367 4.1649999618530273 3.5274999141693115 3.0824999809265137 3.3249998092651367 3.1624999046325684 3.1875 3.0674998760223389 3.0450000762939453 2.9474999904632568 2.9275000095367432 2.9125001430511475 2.8025000095367432 2.7750000953674316 2.809999942779541 2.8650000095367432 2.8899998664855957 3.25 3.1575000286102295 3.1400001049041748 3.130000114440918 3.3350000381469727
20.882499694824219 19.174999237060547 18.524999618530273 17.260000228881836 15.567500114440918 14.982500076293945 13.985000610351563 12.577500343322754 11.972499847412109 11.247499465942383 10.892499923706055 10.345000267028809 9.8125 9.2525005340576172 8.2075004577636719 7.8575000762939453 7.6175003051757813 7.1449999809265137 6.5149998664855957 6 5.5925002098083496 5.1149997711181641 4.815000057220459 4.434999942779541 3.9325001239776611 3.4300000667572021 3.2125000953674316 3.1525001525878906 3.255000114440918 3.1549999713897705 2.9225001335144043 2.9474999904632568 2.8875000476837158 2.8199999332427979 2.8475000858306885 3.0225000381469727 3.0999999046325684 3.184999942779541 3.2674999237060547 3.1675000190734863 3.2774999141693115 3.1775000095367432 3.2725000381469727 3.3499999046325684
21.514999389648438 19.442501068115234 18.885000228881836 17.547500610351563 16.637500762939453 15.414999961853027 14.597499847412109 13.549999237060547 12.234999656677246 11.460000038146973 10.989999771118164 10.197500228881836 9.5375003814697266 9.1750001907348633 8.8000001907348633 8.3225002288818359 7.7624998092651367 7.4375 6.8474998474121094 5.9200000762939453 5.5875000953674316 5.3299999237060547 5.1099996566772461 4.7074999809265137 3.9574999809265137 3.559999942779541 2.9625000953674316 3.192500114440918 3.2750000953674316 3.0724999904632568 2.9850001335144043 2.994999885559082 2.9549999237060547 2.9700000286102295 3.1649999618530273 3.2174999713897705 3.5325000286102295 3.3499999046325684 3.3199999332427979 3.7649998664855957 3.5900001525878906 3.2725000381469727 3.3449997901916504 3.4600000381469727
21.832500457763672 20.434999465942383 19.267499923706055 17.860000610351563 17.119998931884766 15.860000610351563 14.989999771118164 14.202499389648438 13.385000228881836 12.202499389648438 11.512499809265137 10.895000457763672 9.8824996948242187 9.1800003051757813 8.9025001525878906 8.4774999618530273 7.9800000190734863 7.567500114440918 6.8400001525878906 6.4099998474121094 6.002500057220459 5.5 5.1075000762939453 4.6525001525878906 4.0625 2.994999885559082 3.0199999809265137 3.3474998474121094 2.997499942779541 3.0074999332427979 3.2074999809265137 3.3299999237060547 3.2974998950958252 3.4050002098083496 3.7849998474121094 3.4874999523162842 3.505000114440918 3.6624999046325684 3.9474999904632568 4.3375000953674316 3.4900000095367432 3.3925001621246338 3.372499942779541 3.5325000286102295
22.137500762939453 20.229999542236328 19.512500762939453 18.584999084472656 17.280000686645508 16.112499237060547 15.215000152587891 14.427499771118164 13.442500114440918 12.595000267028809 11.402500152587891 10.522500038146973 10.079999923706055 9.057499885559082 9.0900001525878906 8.8225002288818359 8.1875 7.6475000381469727 6.8649997711181641 6.7624998092651367 6.0349998474121094 5.6675000190734863 5.244999885559082 4.682499885559082 3.7300000190734863 2.9025001525878906 3.3849999904632568 3.5199999809265137 3.3299999237060547 3.4500000476837158 3.5850000381469727 3.6675000190734863 3.7599999904632568 3.8274998664855957 3.9600000381469727 3.755000114440918 3.7699999809265137 4.065000057220459 4.255000114440918 4.1999998092651367 3.9149999618530273 3.6375000476837158 3.5625 3.622499942779541
22.439998626708984 20.207500457763672 19.674999237060547 18.977499008178711 17.529998779296875 16.847499847412109 15.715000152587891 14.697500228881836 13.912500381469727 13.260000228881836 12.422500610351563 10.507499694824219 10.420000076293945 9.3125 8.7049999237060547 8.7049999237060547 8.5774993896484375 7.7325000762939453 7.1599998474121094 6.8424997329711914 6.1100001335144043 5.8899998664855957 5.3474998474121094 4.4774999618530273 2.9225001335144043 3.1175000667572021 3.4525001049041748 3.4000000953674316 3.5199999809265137 3.6675000190734863 3.7925000190734863 4.0374999046325684 4.247499942779541 4.3975000381469727 4.2375001907348633 3.9250001907348633 3.9700000286102295 4.0750002861022949 4.0824999809265137 4.179999828338623 4.3899998664855957 4.8225002288818359 3.809999942779541 3.75
22.739999771118164 21.172500610351562 20.252500534057617 19.229999542236328 17.479999542236328 16.715000152587891 16.379999160766602 15.112500190734863 14.534999847412109 13.005000114440918 12.402500152587891 11.182499885559082 10.539999961853027 9.869999885559082 8.7375001907348633 8.4149999618530273 8.2950000762939453 7.5349998474121094 7.4724998474121094 6.6374998092651367 5.9499998092651367 5.4774999618530273 5.057499885559082 3.0850000381469727 2.6575000286102295 3.252500057220459 3.2249999046325684 3.497499942779541 3.7300000190734863 3.9000000953674316 4.0725002288818359 4.309999942779541 4.4375 4.5250000953674316 4.6700000762939453 4.6750001907348633 4.684999942779541 4.7074999809265137 5.0199999809265137 4.119999885559082 4.2150001525878906 5.242499828338623 4.6449999809265137 3.7899999618530273
22.852500915527344 21.424999237060547 20.409999847412109 19.25 18.424999237060547 16.735000610351563 16.395000457763672 15.770000457763672 14.215000152587891 13.565000534057617 12.460000038146973 11.637499809265137 10.154999732971191 10.337499618530273 10.110000610351562 8.1975002288818359 8.3824996948242187 8.0850000381469727 7.5924997329711914 6.0199999809265137 6.0425000190734863 5.5774998664855957 4.877500057220459 2.804999828338623 2.9725000858306885 3.3650000095367432 3.3599998950958252 3.690000057220459 3.8299999237060547 4.002500057220459 4.1675000190734863 4.4250001907348633 4.6374998092651367 4.757500171661377 4.8000001907348633 4.9099998474121094 4.7649998664855957 4.872499942779541 4.9899997711181641 5.1349997520446777 4.9850001335144043 4.7325000762939453 5.2925000190734863 4.4574999809265137
23.082500457763672 21.997499465942383 20.212499618530273 19.962499618530273 18.807498931884766 17.842500686645508 17.005001068115234 15.602499961853027 14.675000190734863 13.667499542236328 12.635000228881836 11.809999465942383 10.340000152587891 10.300000190734863 10.170000076293945 9.0475006103515625 8.0825004577636719 8.2950000762939453 7.5824999809265137 6.2925000190734863 6.0250000953674316 5.1750001907348633 3.0099999904632568 2.6649999618530273 3.1625001430511475 3.3174998760223389 3.5199999809265137 3.7799999713897705 3.9600000381469727 4.0600004196166992 4.382500171661377 4.4674997329711914 4.6350002288818359 4.7699999809265137 4.942500114440918 5.0325002670288086 5.2325000762939453 5.2649998664855957 5.4800000190734863 5.1350002288818359 5.070000171661377 5.1475000381469727 4.4549999237060547 4.5724997520446777
23.880001068115234 22.549999237060547 20.912500381469727 20.11250114440918 19.040000915527344 18.290000915527344 17.277500152587891 15.725000381469727 15.034999847412109 13.770000457763672 12.760000228881836 12.225000381469727 11.234999656677246 10.414999961853027 10.142499923706055 9.9475002288818359 7.9900002479553223 7.8575000762939453 7.4124999046325684 6.5750002861022949 6.1374998092651367 4.317500114440918 2.809999942779541 2.994999885559082 3.2750000953674316 3.3299999237060547 3.630000114440918 3.9075000286102295 4.0399999618530273 4.130000114440918 4.3000001907348633 4.5199999809265137 4.570000171661377 4.7775001525878906 5.002500057220459 5.1374998092651367 5.2925000190734863 5.4875001907348633 5.6700000762939453 5.804999828338623 5.8600001335144043 5.0749998092651367 4.882500171661377 4.4025001525878906
24.224998474121094 22.369998931884766 21.742500305175781 20.192501068115234 19.479999542236328 18.454999923706055 17.985000610351563 16.825000762939453 15.470000267028809 13.340000152587891 12.907500267028809 12.367500305175781 10.707500457763672 10.645000457763672 10.414999961853027 9.6674995422363281 8.1724996566772461 7.809999942779541 6.9449996948242188 6.2899999618530273 5.6675000190734863 3.065000057220459 2.7849998474121094 3.0525000095367432 3.1525001525878906 3.5 3.807499885559082 3.9600000381469727 4.255000114440918 4.2399997711181641 4.2600002288818359 4.4849996566772461 4.6575002670288086 4.9000000953674316 5.067500114440918 5.1999998092651367 5.3324999809265137 5.5699996948242188 5.7899999618530273 5.9025001525878906 5.9149999618530273 5.2725000381469727 4.9449996948242187 4.3450002670288086
25.332500457763672 24.072500228881836 22.567499160766602 20.702499389648438 19.907499313354492 19.532501220703125 19.067501068115234 17.654998779296875 16.047500610351563 12.979999542236328 12.989999771118164 12.639999389648438 11.427499771118164 10.555000305175781 9.6450004577636719 8.2899999618530273 8.2674999237060547 7.3575000762939453 6.7074999809265137 6.005000114440918 5.1525001525878906 2.8550000190734863 3.057499885559082 2.9250001907348633 3.125 3.382500171661377 3.7000000476837158 4.0300002098083496 4.0925002098083496 4.2875003814697266 4.375 4.5150003433227539 4.7375001907348633 4.8575000762939453 5.002500057220459 5.2600002288818359 5.4574999809265137 5.6475000381469727 5.8450002670288086 5.8899998664855957 5.9875001907348633 5.5174999237060547 5.122499942779541 4.4549999237060547
27 25.342500686645508 23.032501220703125 20.975000381469727 20.280000686645508 19.430000305175781 19.084999084472656 17.534999847412109 16.290000915527344 12.892499923706055 12.920000076293945 12.697500228881836 11.555000305175781 10.649999618530273 9.6849994659423828 8.4699993133544922 8.0349998474121094 7.3649997711181641 6.755000114440918 4.934999942779541 3.005000114440918 2.9250001907348633 2.9300000667572021 2.8125 3.0450000762939453 3.195000171661377 3.6775000095367432 4.0125002861022949 4.5925002098083496 5.0124998092651367 4.4849996566772461 4.5725002288818359 4.6949996948242187 4.932499885559082 5.1624999046325684 5.4049997329711914 5.5475001335144043 5.6774997711181641 5.8474998474121094 5.9674997329711914 5.6024999618530273 5.4000000953674316 5.1100001335144043 4.5325002670288086
