depth-data/MillBrook/MillBrock/millbrook_DTM_5m_resample1m.asc
ncols        400
nrows        400
xllcorner    241000.000000000000
yllcorner    51000.000000000000
cellsize     5.000000000000
NODATA_value  -9999
[rows 304 to 322 of 400, columns 352 to 395 of 400]
45.259998321533203 45.419998168945313 45.349998474121094 45.270000457763672 45.459999084472656 45.840000152587891 46.369998931884766 47.130001068115234 47.819999694824219 48.220001220703125 49.080001831054687 49.759998321533203 50.569999694824219 51.279998779296875 51.970001220703125 52.880001068115234 53.959999084472656 55.150001525878906 56.029998779296875 56.709999084472656 57.430000305175781 58.229999542236328 58.689998626708984 59.209999084472656 59.830001831054687 60.610000610351563 61.209999084472656 62.220001220703125 63.790000915527344 66.739997863769531 68.05999755859375 69.480003356933594 70.430000305175781 71.699996948242188 72.860000610351563 73.970001220703125 75.220001220703125 76.330001831054687 77.470001220703125 78.480003356933594 79.430000305175781 80.230003356933594 81.260002136230469 82.139999389648437
45.599998474121094 45.669998168945313 45.790000915527344 45.720001220703125 45.450000762939453 45.659999847412109 46.259998321533203 46.759998321533203 47.200000762939453 47.770000457763672 48.360000610351563 49.069999694824219 49.810001373291016 50.470001220703125 51.310001373291016 52.119998931884766 53.060001373291016 54.240001678466797 55.029998779296875 55.709999084472656 56.580001831054687 57.560001373291016 58.369998931884766 58.819999694824219 59.340000152587891 59.880001068115234 60.580001831054687 61.580001831054687 61.930000305175781 63.729999542236328 66.389999389648438 68.870002746582031 69.830001831054688 70.870002746582031 72.069999694824219 73.220001220703125 74.480003356933594 75.650001525878906 76.739997863769531 77.69000244140625 79.029998779296875 79.739997863769531 80.849998474121094 81.80999755859375
46 46.110000610351563 46.130001068115234 46.189998626708984 46.110000610351563 45.900001525878906 46.049999237060547 46.470001220703125 46.889999389648438 47.419998168945313 47.909999847412109 48.409999847412109 48.849998474121094 49.650001525878906 50.650001525878906 51.490001678466797 52.389999389648438 53.319999694824219 54.119998931884766 54.659999847412109 55.610000610351562 56.869998931884766 58.009998321533203 58.599998474121094 59.009998321533203 59.450000762939453 60.279998779296875 60.729999542236328 60.680000305175781 63.200000762939453 63.819999694824219 67.150001525878906 69.139999389648438 70.25 71.279998779296875 72.430000305175781 73.629997253417969 74.660003662109375 75.959999084472656 77.080001831054687 78.199996948242188 79.349998474121094 80.379997253417969 81.290000915527344
46.560001373291016 46.590000152587891 46.580001831054688 46.680000305175781 46.569999694824219 46.389999389648438 46.119998931884766 46.380001068115234 46.740001678466797 47.139999389648438 47.450000762939453 47.779998779296875 48.229999542236328 48.970001220703125 49.900001525878906 50.619998931884766 51.75 52.680000305175781 53.479999542236328 53.939998626708984 55.090000152587891 56.330001831054688 57.590000152587891 58.299999237060547 58.709999084472656 59.130001068115234 59.599998474121094 59.979999542236328 60.520000457763672 61.279998779296875 63.680000305175781 66.139999389648437 68.779998779296875 69.489997863769531 70.489997863769531 71.550003051757812 72.760002136230469 73.959999084472656 75.19000244140625 76.410003662109375 77.629997253417969 78.800003051757813 79.819999694824219 80.800003051757813
47.069999694824219 47.119998931884766 47.090000152587891 47.189998626708984 47.229999542236328 46.819999694824219 46.439998626708984 46.409999847412109 46.680000305175781 47.119998931884766 47.369998931884766 47.689998626708984 48.090000152587891 48.610000610351563 49.150001525878906 49.880001068115234 50.720001220703125 51.860000610351563 52.619998931884766 53.869998931884766 54.759998321533203 55.860000610351563 57.099998474121094 57.990001678466797 58.470001220703125 58.700000762939453 58.599998474121094 58.770000457763672 59.180000305175781 59.979999542236328 63.259998321533203 64.129997253417969 67.860000610351563 68.620002746582031 69.779998779296875 70.800003051757813 72.040000915527344 73.360000610351563 74.489997863769531 75.760002136230469 77.010002136230469 78.209999084472656 79.279998779296875 80.230003356933594
47.590000152587891 47.619998931884766 47.659999847412109 47.830001831054688 47.779998779296875 47.520000457763672 47.130001068115234 46.830001831054687 46.939998626708984 47.189998626708984 47.409999847412109 47.830001831054688 48.130001068115234 48.610000610351563 49.229999542236328 49.900001525878906 50.569999694824219 51.5 52.619998931884766 53.450000762939453 54.409999847412109 55.409999847412109 56.380001068115234 57.349998474121094 58.119998931884766 58.389999389648438 58.599998474121094 58.720001220703125 58.880001068115234 58.919998168945313 62.709999084472656 63.810001373291016 66.430000305175781 67.94000244140625 69.029998779296875 69.949996948242188 71.160003662109375 72.589996337890625 73.819999694824219 75.129997253417969 76.360000610351563 77.629997253417969 78.739997863769531 79.769996643066406
48.259998321533203 48.220001220703125 48.419998168945313 48.490001678466797 48.380001068115234 48.220001220703125 47.889999389648437 47.540000915527344 47.450000762939453 47.630001068115234 47.919998168945313 48.169998168945313 48.569999694824219 48.880001068115234 49.419998168945313 50.169998168945313 51.110000610351562 51.779998779296875 52.580001831054687 53.159999847412109 54.169998168945313 54.919998168945313 55.950000762939453 56.75 57.700000762939453 58.180000305175781 58.409999847412109 58.630001068115234 58.720001220703125 58.790000915527344 61.599998474121094 62.990001678466797 65.370002746582031 67.639999389648438 68.339996337890625 69.400001525878906 70.55999755859375 71.819999694824219 73.220001220703125 74.459999084472656 75.779998779296875 77.080001831054687 78.19000244140625 79.260002136230469
49.130001068115234 49.029998779296875 49.099998474121094 49.080001831054687 49.029998779296875 48.880001068115234 48.700000762939453 48.330001831054688 47.939998626708984 48.259998321533203 48.779998779296875 49.130001068115234 49.369998931884766 49.610000610351562 50.029998779296875 50.849998474121094 51.389999389648437 51.909999847412109 52.479999542236328 53.090000152587891 53.729999542236328 54.540000915527344 55.5 56.299999237060547 57.409999847412109 58.020000457763672 58.419998168945312 58.540000915527344 58.659999847412109 58.790000915527344 60.650001525878906 61.849998474121094 64.269996643066406 65.900001525878906 67.699996948242188 68.80999755859375 70.029998779296875 71.080001831054688 72.540000915527344 73.849998474121094 75.209999084472656 76.529998779296875 77.760002136230469 78.75
49.400001525878906 49.740001678466797 49.650001525878906 49.659999847412109 49.669998168945313 49.459999084472656 49.349998474121094 48.959999084472656 48.650001525878906 48.950000762939453 49.459999084472656 50.049999237060547 50.479999542236328 50.790000915527344 50.979999542236328 51.180000305175781 51.450000762939453 51.880001068115234 52.509998321533203 53.020000457763672 53.580001831054687 54.180000305175781 54.930000305175781 55.729999542236328 57.139999389648438 57.729999542236328 58.049999237060547 58.439998626708984 59.159999847412109 60.029998779296875 60.380001068115234 60.700000762939453 63.119998931884766 64.540000915527344 66.790000915527344 68.330001831054688 69.5 70.510002136230469 71.910003662109375 73.389999389648438 74.680000305175781 76.099998474121094 77.260002136230469 78.319999694824219
49.689998626708984 50.209999084472656 50.090000152587891 50.279998779296875 50.229999542236328 50.060001373291016 49.970001220703125 49.930000305175781 49.419998168945313 49.430000305175781 49.979999542236328 50.810001373291016 51.189998626708984 51.360000610351563 51.490001678466797 51.459999084472656 51.650001525878906 52.029998779296875 52.5 53.040000915527344 53.509998321533203 54.060001373291016 54.720001220703125 55.599998474121094 56.770000457763672 57.450000762939453 57.939998626708984 58.459999084472656 59.380001068115234 59.689998626708984 59.959999084472656 60.319999694824219 61.279998779296875 63.840000152587891 65.720001220703125 67.510002136230469 69.080001831054687 70.19000244140625 71.480003356933594 72.930000305175781 74.300003051757813 75.660003662109375 76.870002746582031 77.959999084472656
50.130001068115234 50.400001525878906 50.799999237060547 50.770000457763672 50.779998779296875 50.849998474121094 50.75 50.680000305175781 50.029998779296875 50 50.560001373291016 51.290000915527344 51.450000762939453 51.569999694824219 51.680000305175781 51.810001373291016 51.939998626708984 52.180000305175781 52.580001831054687 53.029998779296875 53.540000915527344 54.099998474121094 54.889999389648438 55.819999694824219 56.630001068115234 57.150001525878906 57.840000152587891 58.470001220703125 59.299999237060547 59.610000610351562 59.779998779296875 60.020000457763672 61.009998321533203 62.840000152587891 65.010002136230469 67.55999755859375 68.669998168945312 69.970001220703125 71.069999694824219 72.550003051757813 73.980003356933594 75.269996643066406 76.529998779296875 77.540000915527344
50.720001220703125 50.830001831054687 51.159999847412109 51.580001831054688 51.680000305175781 51.659999847412109 51.549999237060547 51.189998626708984 50.729999542236328 50.560001373291016 51.090000152587891 51.779998779296875 51.729999542236328 51.849998474121094 52.099998474121094 52.189998626708984 52.319999694824219 52.5 52.840000152587891 53.259998321533203 53.709999084472656 54.380001068115234 55.200000762939453 56.060001373291016 56.5 56.959999084472656 57.450000762939453 58.259998321533203 59.069999694824219 59.520000457763672 59.689998626708984 60.049999237060547 61.060001373291016 61.669998168945313 62.630001068115234 67.94000244140625 68.449996948242187 69.760002136230469 70.910003662109375 72.290000915527344 73.69000244140625 74.94000244140625 76.160003662109375 77.25
52.270000457763672 51.299999237060547 51.529998779296875 52.049999237060547 52.409999847412109 52.220001220703125 51.970001220703125 51.680000305175781 51.360000610351563 51.189998626708984 51.919998168945313 52.240001678466797 52.279998779296875 52.25 52.470001220703125 52.630001068115234 52.779998779296875 52.959999084472656 53.229999542236328 53.630001068115234 54.049999237060547 54.860000610351563 55.639999389648438 56.049999237060547 56.459999084472656 56.830001831054688 57.700000762939453 57.779998779296875 58.900001525878906 59.349998474121094 59.720001220703125 60.279998779296875 61.299999237060547 61.919998168945313 62.619998931884766 67.370002746582031 67.839996337890625 69.55999755859375 70.720001220703125 71.980003356933594 73.419998168945313 74.699996948242187 75.839996337890625 76.910003662109375
53.970001220703125 52.970001220703125 52.080001831054687 52.369998931884766 52.709999084472656 52.459999084472656 52.200000762939453 52.080001831054687 51.799999237060547 51.720001220703125 52.430000305175781 52.720001220703125 52.819999694824219 52.669998168945313 52.669998168945313 52.959999084472656 53.240001678466797 53.360000610351562 53.709999084472656 54.119998931884766 54.669998168945313 55.349998474121094 55.799999237060547 56.080001831054688 56.569999694824219 56.869998931884766 57.540000915527344 58.189998626708984 58.900001525878906 59.040000915527344 59.729999542236328 60.619998931884766 61.270000457763672 62.360000610351563 63.459999084472656 65.980003356933594 67.199996948242187 68.94000244140625 70.410003662109375 71.699996948242188 73.129997253417969 74.410003662109375 75.529998779296875 76.589996337890625
54.740001678466797 54.709999084472656 53.020000457763672 52.869998931884766 53.169998168945313 53.090000152587891 52.580001831054687 52.349998474121094 52.130001068115234 52.259998321533203 52.639999389648438 53.020000457763672 53.290000915527344 53.130001068115234 53.169998168945313 53.419998168945313 53.680000305175781 53.810001373291016 54.029998779296875 54.5 54.970001220703125 55.490001678466797 55.979999542236328 56.419998168945313 56.700000762939453 56.909999847412109 57.830001831054688 58.279998779296875 58.479999542236328 59.259998321533203 60.040000915527344 60.770000457763672 61.659999847412109 62.439998626708984 63.709999084472656 65.150001525878906 66.790000915527344 68.540000915527344 70.120002746582031 71.44000244140625 72.900001525878906 74.150001525878906 75.199996948242187 76.290000915527344
55.580001831054688 55.25 54.340000152587891 53.360000610351562 53.630001068115234 54.009998321533203 53.360000610351562 52.819999694824219 52.759998321533203 53.009998321533203 52.950000762939453 53.229999542236328 53.569999694824219 53.639999389648437 53.880001068115234 53.959999084472656 53.930000305175781 54 54.319999694824219 54.709999084472656 55.130001068115234 55.529998779296875 56.110000610351563 56.599998474121094 57 57.650001525878906 57.889999389648438 58.110000610351563 58.970001220703125 59.599998474121094 60.220001220703125 60.970001220703125 61.740001678466797 62.700000762939453 63.779998779296875 65.110000610351563 66.540000915527344 68.239997863769531 69.819999694824219 71.19000244140625 72.639999389648438 73.830001831054688 74.94000244140625 75.910003662109375
56.310001373291016 55.830001831054688 55.75 54.540000915527344 54.139999389648437 54.389999389648438 54.259998321533203 53.700000762939453 53.319999694824219 53.5 53.659999847412109 53.669998168945313 53.819999694824219 54.200000762939453 54.599998474121094 54.430000305175781 54.270000457763672 54.450000762939453 54.75 55.110000610351562 55.290000915527344 55.75 56.360000610351563 56.470001220703125 57.529998779296875 57.700000762939453 57.75 58.439998626708984 59.110000610351562 59.709999084472656 60.340000152587891 61.080001831054687 61.709999084472656 62.770000457763672 63.880001068115234 65.110000610351563 66.480003356933594 67.970001220703125 69.550003051757813 70.970001220703125 72.449996948242187 73.589996337890625 74.650001525878906 75.599998474121094
57.040000915527344 56.810001373291016 56.479999542236328 56.110000610351563 54.540000915527344 54.790000915527344 55.389999389648437 55.799999237060547 54.069999694824219 53.950000762939453 54.180000305175781 54.310001373291016 54.25 54.799999237060547 55.209999084472656 55.200000762939453 54.930000305175781 55 55.209999084472656 55.369998931884766 55.659999847412109 56.090000152587891 56.319999694824219 56.229999542236328 56.380001068115234 57.299999237060547 57.939998626708984 58.580001831054688 59.119998931884766 59.669998168945313 60.349998474121094 61.150001525878906 61.790000915527344 62.810001373291016 63.860000610351563 65.050003051757813 66.330001831054687 67.800003051757813 69.239997863769531 70.790000915527344 72.180000305175781 73.260002136230469 74.419998168945313 75.220001220703125
57.919998168945313 57.619998931884766 57.349998474121094 57.189998626708984 55.430000305175781 55.380001068115234 55.619998931884766 56.330001831054688 55.470001220703125 54.610000610351563 54.639999389648438 54.860000610351563 55.040000915527344 55.590000152587891 56.069999694824219 56.069999694824219 55.529998779296875 55.509998321533203 55.580001831054688 55.830001831054688 56.029998779296875 56.139999389648438 56.150001525878906 56.25 57.029998779296875 57.860000610351562 58.220001220703125 58.799999237060547 59.270000457763672 59.869998931884766 60.490001678466797 61.150001525878906 61.930000305175781 62.889999389648438 63.900001525878906 64.989997863769531 66.239997863769531 67.589996337890625 69.099998474121094 70.5 71.919998168945313 73.040000915527344 74.129997253417969 74.919998168945313
