depth-data/MillBrook/outs/Millbrock2_10m_WLRaster_WLPEAK.asc
ncols 		200
nrows 		200
xllcorner 	241000
yllcorner 	51000
cellsize 	10
NODATA_value 		0
[rows 150 to 179 of 200, columns 67 to 133 of 200]
89.0523 88.8576 88.6226 88.4562 88.4304 88.5874 88.5126 88.3355 88.2446 88.0125 87.7869 87.5181 87.1838 86.8465 86.4314 85.9961 85.6505 85.1498 84.7139 84.3678 83.9089 82.9373 81.6703 80.1507 78.5109 76.7587 75.2193 73.7247 71.6457 67.1921 63.4819 60.4114 56.512 54.1512 53.9983 53.8391 55.5871 57.8403 59.8849 64.4917 69.3907 71.3562 73.8067 75.7663 77.2181 78.4474 79.5416 80.5083 81.3275 82.0191 82.7207 83.3521 83.8809 84.2447 84.3958 84.5044 84.6056 84.6825 84.7334 84.7842 84.9421 84.9924 84.9233 84.7006 84.2974 83.7889 82.9628
90.8083 90.5688 90.3807 90.3524 90.4322 90.5148 90.5688 90.3689 90.0675 89.9121 89.4932 89.0313 88.5914 88.2137 87.5783 87.1102 86.5969 86.1085 85.9099 85.461 84.6143 83.6098 82.4573 81.0724 79.222 77.0596 75.4055 73.8073 69.784 65.7903 62.0733 59.8543 57.3316 56.2327 55.7475 56.4642 56.7703 59.4647 62.1759 65.6446 69.4047 71.5485 74.0712 76.0463 77.5907 78.8199 79.9342 80.8334 81.5626 82.3418 83.1433 83.8798 84.4037 84.7599 84.901 85.1143 85.2973 85.4171 85.4856 85.298 85.6258 85.7425 85.7009 85.4157 85.0175 84.444 84.2378
92.5172 92.2903 92.1577 92.1564 92.1763 92.1719 92.1464 92.0388 91.6402 91.1909 90.9688 90.4288 89.891 89.333 88.5524 87.9315 87.2906 87.162 86.6556 85.9388 85.0142 83.9967 82.8935 81.4481 79.4237 77.1665 75.4255 72.2204 68.5446 64.6934 61.8792 60.0461 59.101 58.0263 57.9532 58.2322 58.5254 60.7787 63.2978 64.7511 69.0934 71.6424 74.0759 76.2513 77.9107 79.2325 80.2743 81.0585 81.8402 82.6869 83.5285 84.3 84.829 85.2178 85.5114 85.7599 86.063 86.2431 86.4317 86.2287 86.4779 86.5276 86.4161 86.0984 85.8577 85.3616 84.9854
94.2288 94.1144 94.0498 93.9397 93.8267 93.7133 93.5521 93.2579 92.9135 92.4687 91.9686 91.5058 90.9527 90.377 89.3911 88.6151 88.154 87.7152 87.1059 86.2735 85.3384 84.3053 83.0374 81.4546 79.4141 77.1591 74.2063 70.8695 67.0705 64.1034 62.2958 61.4586 60.7919 60.3825 60.6336 60.3143 61.1716 60.9386 64.4363 66.5257 66.9425 71.8449 74.0825 76.4463 78.2957 79.6651 80.6268 81.4111 82.1903 83.017 83.8761 84.6477 85.2842 85.7456 86.1343 86.4404 86.8312 87.1418 87.3268 87.4405 87.2811 87.2979 87.059 86.9812 86.7078 86.2092 85.7529
95.9031 95.8463 95.7415 95.5887 95.383 95.1093 94.7752 94.3908 93.951 93.4434 93.0555 92.1899 91.5391 90.8382 90.1546 89.3835 88.7422 88.1381 87.4432 86.5497 85.5716 84.3442 82.8905 81.335 79.133 76.5058 73.5633 69.506 66.3261 64.82 63.8105 63.2031 63.2416 63.7223 65.0704 65.4604 64.2415 63.4831 65.1125 67.0914 68.8562 71.6477 74.3795 76.7887 78.7558 80.1451 81.0494 81.7986 82.5878 83.477 84.3387 85.1503 85.8318 86.3033 86.7996 87.2307 87.6792 88.0698 88.185 88.2715 87.9857 88.3414 88.0895 87.8389 87.5954 87.1766 86.6628
97.3677 97.2608 97.1508 96.9652 96.6891 96.32 95.8881 95.4608 94.9957 94.4403 93.8046 93.3712 92.5502 91.7741 90.8054 90.0316 89.2902 88.5455 87.7395 86.8084 85.6125 84.152 82.5009 80.4938 77.9968 74.9046 72.6897 68.4344 66.6703 66.3036 65.3731 65.2652 65.709 67.4395 68.7149 68.8537 67.6745 66.5192 65.1343 67.9945 69.8549 70.481 74.8894 77.2709 79.3108 80.5652 81.4969 82.2762 83.1004 84.0346 84.9463 85.7554 86.3794 86.9434 87.5023 88.0885 88.5021 88.9078 89.0333 89.1088 89.2231 89.066 88.8875 88.7614 88.4628 88.0165 87.5078
98.7576 98.5554 98.3499 98.1614 97.8048 97.3729 96.9131 96.433 95.9525 95.2543 94.6234 94.0198 93.141 92.2272 91.5609 90.5519 89.7253 88.907 87.9534 86.7042 85.2808 83.5361 81.4018 79.3149 75.8178 73.4382 70.6724 69.1309 68.0385 67.6587 67.2145 67.1442 68.8566 70.9792 72.2379 71.8081 71.0176 70.402 68.6273 69.4288 70.8134 72.285 75.6532 77.9254 79.8359 81.0527 82.0245 82.8412 83.7004 84.6896 85.5763 86.3629 87.0245 87.6661 88.3425 88.9188 89.2499 89.6232 89.8408 90.0118 89.9595 89.9862 89.8793 89.6336 89.26 88.8764 88.3528
100.005 99.8172 99.5437 99.2947 98.8528 98.3279 97.8828 97.3973 96.674 96.0005 95.3218 94.5629 93.7215 92.7951 91.8811 91.0721 90.1601 89.1912 87.8519 86.335 84.5025 82.3601 79.5454 76.5834 74.1463 71.8373 70.8688 70.1916 69.7484 69.4364 69.37 70.6261 72.0871 73.9449 74.8788 74.6877 73.9399 73.1621 71.5343 69.9713 71.8275 73.5828 75.3141 78.4842 80.3458 81.6828 82.6146 83.4313 84.3455 85.3547 86.2938 87.0605 87.7221 88.4561 89.1251 89.604 89.9828 90.2788 90.5745 90.787 90.8856 90.8556 90.7421 90.5085 90.1224 89.7388 89.1954
101.1 100.909 100.672 100.288 99.7728 99.2626 98.7821 98.1312 97.4001 96.5813 95.8698 95.1233 94.2868 93.3802 92.3961 91.4143 90.3642 89.1535 87.5834 85.5362 83.3863 80.2739 77.4766 75.3094 73.4362 72.8236 72.2175 71.7412 71.62 71.9533 72.6671 74.1462 75.5775 76.6083 77.1608 77.2937 77.0898 75.99 74.2075 72.333 72.869 74.3162 75.604 79.0292 80.8557 82.3029 83.2997 84.1389 85.088 86.0972 87.0564 87.8205 88.5021 89.2186 89.8302 90.3316 90.638 90.9592 91.2251 91.5304 91.7067 91.6926 91.5915 91.363 90.9921 90.5464 90.0082
102.076 101.849 101.557 101.158 100.677 100.089 99.3935 98.8073 97.9483 97.1692 96.3776 95.6359 94.7792 93.8425 92.8633 91.7834 90.4964 88.8748 86.716 84.5418 81.4472 78.9299 77.0801 75.1386 74.4474 74.0934 73.7858 73.7229 73.7154 74.7533 76.1843 77.7159 78.7326 79.3187 79.4452 79.3382 79.303 78.6483 76.7184 74.4582 73.0194 75.0925 76.9632 79.1006 81.4002 82.9331 84.0423 85.0164 85.9381 86.9123 87.8289 88.553 89.2296 89.9086 90.5426 91.0541 91.4181 91.6819 91.9131 92.2189 92.4591 92.5154 92.4454 92.2075 91.8171 91.4067 90.8913
102.912 102.667 102.287 101.892 101.437 100.691 100.049 99.2703 98.501 97.6317 96.8899 96.0881 95.1887 94.237 93.2224 91.9583 90.3522 88.4969 86.1159 82.677 80.5302 78.6881 76.2925 76.2223 75.8502 75.6867 75.6662 75.9919 76.8942 78.2785 79.5838 80.7003 81.2825 81.5247 81.5962 81.6082 81.4382 80.9818 79.0671 76.5693 74.5048 76.0975 77.6431 78.572 82.0892 83.7182 84.9724 85.9341 86.7982 87.6923 88.489 89.2156 89.9071 90.6162 91.3276 91.8166 92.158 92.4119 92.6482 92.9592 93.2197 93.3538 93.3023 93.0748 92.6949 92.2799 91.8321
103.689 103.392 102.977 102.382 101.866 101.224 100.37 99.6254 98.8558 98.0888 97.2843 96.3848 95.5326 94.5759 93.315 91.8391 89.7204 87.037 84.3934 81.9214 79.9282 78.563 78.1395 77.8831 77.4358 77.3816 77.9971 78.9035 80.3636 81.6144 82.6409 83.2365 83.4386 83.479 83.6858 83.8045 83.695 83.0035 81.2911 78.7405 76.8694 76.7085 78.3555 79.9974 82.9119 84.6258 85.8651 86.7692 87.5883 88.3799 89.199 89.9557 90.6347 91.3712 92.0626 92.574 92.9429 93.1743 93.3581 93.6519 93.9879 94.1634 94.1701 93.9474 93.6181 93.2458 92.7906
104.357 104.004 103.464 102.97 102.351 101.557 100.762 99.9247 99.1649 98.3779 97.4731 96.6109 95.6625 94.5884 93.1957 91.1447 88.591 85.9073 83.9125 81.9516 79.604 79.5731 79.8861 79.6551 79.8331 80.2504 80.8525 82.0525 83.3687 84.5013 85.0738 85.2802 85.4387 85.6143 85.6137 85.6922 85.5774 84.7928 83.6174 81.0114 78.72 78.099 79.2753 81.0769 83.2259 85.3708 86.5829 87.5094 88.3484 89.1425 90.0016 90.7832 91.4948 92.2638 92.8152 93.389 93.7403 93.939 94.1678 94.3866 94.7103 94.9335 94.9429 94.7338 94.4568 94.1246 93.7567
104.901 104.379 103.928 103.366 102.707 101.962 101.114 100.238 99.3884 98.4915 97.5754 96.6141 95.5884 94.3186 92.4845 90.1056 87.4291 85.2202 83.9358 82.5996 81.5571 81.6866 81.6949 81.873 82.5143 83.5122 84.3343 85.188 86.1946 86.8369 87.0329 87.2372 87.373 87.5047 87.4368 87.3125 87.1275 86.4195 85.226 82.8495 80.3727 79.7156 80.3706 81.9962 83.151 86.0556 87.2932 88.2946 89.1586 89.9401 90.7667 91.5583 92.3324 93.0089 93.6028 94.1191 94.4902 94.7589 94.9325 95.1688 95.3925 95.6261 95.6538 95.5485 95.3106 94.9611 94.5101
105.238 104.793 104.241 103.589 102.919 102.177 101.364 100.497 99.4739 98.534 97.471 96.5289 95.2897 93.6627 91.5033 88.9915 86.7449 85.1801 84.2305 83.6317 83.4284 83.6344 84.1209 85.0175 86.0843 87.0815 87.0873 87.8481 88.5808 88.8835 88.9058 88.9942 89.1607 89.1503 89.0887 88.7865 88.4512 87.8054 86.4991 84.4823 81.9901 80.9839 81.0435 82.6549 83.6682 86.8223 88.1436 89.1549 89.9663 90.7503 91.4918 92.3009 93.09 93.8016 94.438 94.9043 95.3029 95.4963 95.6572 95.8457 96.0793 96.3032 96.3308 96.2667 95.5038 95.1278 95.1208
105.545 105.026 104.437 103.738 103.077 102.281 101.405 100.44 99.4775 98.4709 97.4445 96.3177 94.8609 92.9439 90.5444 88.3153 86.719 85.5217 84.6007 84.8584 85.235 85.9165 86.8229 87.9142 88.9529 89.7391 90.1703 90.4845 90.3619 90.4187 90.6406 90.7423 90.767 90.7017 90.5401 90.1853 89.7873 89.0862 87.7569 85.8622 83.4347 82.1003 81.5294 83.3784 84.9609 87.6152 88.9891 90.0377 90.8216 91.568 92.3369 93.0859 93.9125 94.6367 95.1882 95.6496 96.0481 96.2339 96.327 96.4926 96.7231 96.8226 96.5073 96.461 96.6547 96.5414 96.2657
105.839 105.182 104.566 103.86 103.097 102.266 101.373 100.386 99.3504 98.3479 97.2234 95.909 94.232 92.1 89.888 88.3155 87.1052 85.8568 86.2941 86.7857 87.5523 88.5512 89.6751 90.7963 91.6873 92.2756 92.4781 92.3998 92.1409 91.8369 92.0277 92.3101 92.3024 92.2035 91.9343 91.5442 91.0158 90.2817 89.1094 87.2967 84.8589 83.2893 82.2711 84.1125 86.1882 88.4318 89.8948 90.9406 91.782 92.5233 93.3146 94.0734 94.7924 95.4916 95.8734 96.2424 96.5961 96.6618 96.7272 97.2649 97.7004 97.898 97.7077 97.736 97.1813 97.2093 97.1285
106.082 105.394 104.669 103.853 103.031 102.206 101.268 100.23 99.2073 98.1197 96.8924 95.3952 93.5431 91.391 89.6425 88.4399 87.4275 87.5622 88.0914 89.0355 90.1345 91.3834 92.4748 93.3259 93.9268 94.255 94.3367 94.1859 93.8225 93.5082 93.2603 93.7424 93.7837 93.6 93.2386 92.8579 92.219 91.4592 90.2789 88.6582 86.2028 84.5488 84.4369 85.2163 87.3203 88.1269 90.8033 91.871 92.8025 93.6488 94.4625 95.2261 95.6774 96.0015 96.1783 96.6852 97.3316 97.9275 98.2326 98.3497 98.4524 98.4764 98.4228 98.3453 98.2023 97.5947 97.709
106.25 105.531 104.668 103.843 103.016 102.151 101.153 100.084 98.97 97.7494 96.4316 94.7916 92.8168 90.9816 89.722 88.8086 88.6431 89.3045 90.2336 91.3952 92.7542 93.9982 94.877 95.4481 95.8011 95.9402 95.9042 95.7323 95.457 95.1476 95.0663 95.1356 95.218 94.8982 94.5007 93.9963 93.3216 92.4587 91.2652 89.624 87.2616 85.7975 84.5638 86.6385 88.4536 89.3504 91.64 92.8688 93.858 94.7719 95.403 95.8389 95.9249 97.0437 97.6955 98.0176 98.2496 98.6584 99.0685 99.2347 99.295 99.2761 99.1663 99.0835 98.9354 98.3188 98.3075
106.337 105.524 104.659 103.842 103.02 102.06 101.03 99.8915 98.664 97.3024 95.7764 94.0809 92.3857 91.0013 90.0412 89.3206 90.3251 91.4493 92.6009 93.93 95.2439 96.1503 96.7742 97.153 97.334 97.4232 97.3726 97.1833 96.9847 96.7794 96.6418 96.576 96.5108 96.1188 95.5921 94.8911 94.2212 93.3225 92.1881 90.5767 88.1907 86.7941 85.5058 87.7752 89.5484 91.615 91.7702 93.7889 94.6284 95.2925 95.6438 96.8821 97.6926 98.2384 98.6949 98.9722 99.1222 99.3894 99.7277 99.9685 100.003 99.9816 99.8994 99.8267 99.646 99.4573 99.0774
106.36 105.491 104.673 103.883 103.008 102.014 100.918 99.6517 98.3011 96.7587 95.1419 93.5782 92.13 91.0432 90.1903 91.0131 92.3098 93.629 94.9532 96.2072 97.1937 97.9099 98.3787 98.6126 98.7019 98.7294 98.6864 98.5721 98.4535 98.3508 98.1658 98.0719 97.4273 97.2134 96.4871 95.7241 94.9904 94.1452 93.2222 91.594 89.2786 87.6703 87.4539 88.7213 90.5434 92.4928 92.0799 94.1762 95.0285 95.4931 97.0647 97.8881 98.6684 99.2209 99.5865 99.8435 100.034 100.157 100.417 100.688 100.743 100.685 100.62 100.547 100.404 100.13 99.7858
106.325 105.484 104.705 103.917 103.006 101.985 100.781 99.3765 97.8768 96.277 94.66 93.1634 91.9841 91.1303 91.1339 92.5653 94.0095 95.6263 96.8704 97.942 98.7409 99.3246 99.7005 99.9237 99.9269 99.9296 99.933 99.926 99.8391 99.6722 99.4593 99.0894 98.4468 97.4812 97.2475 96.5115 95.6109 95.0031 94.1962 92.2392 89.8814 87.8858 88.1735 89.7551 91.4567 92.8535 93.4184 94.3208 95.4908 96.8758 97.823 98.8069 99.5224 100.024 100.446 100.747 100.949 101.059 101.162 101.359 101.442 101.411 101.326 101.246 101.117 100.88 100.558
106.333 105.539 104.739 103.915 103.003 101.908 100.566 99.039 97.4757 95.8342 94.1301 92.9387 92.0114 91.9143 93.2658 95.0275 96.3243 97.5409 98.5351 99.2768 99.9783 100.549 100.853 101.009 101.087 101.113 101.093 101.042 100.967 101.119 101.389 100.196 99.4805 98.0748 97.3505 96.2299 95.7252 94.9556 93.7374 92.29 90.8044 89.4036 89.2942 90.1901 91.5484 92.7384 93.9129 95.6001 95.8727 97.258 98.6333 99.6982 100.387 100.939 101.346 101.653 101.851 101.921 101.925 102.015 102.108 102.111 102.05 101.889 101.82 101.607 101.282
106.384 105.595 104.746 103.901 102.949 101.744 100.241 98.7106 97.2084 95.4354 93.9896 93.048 93.1996 94.6464 95.4607 96.4348 97.6214 98.7856 99.9448 100.699 101.131 101.637 101.935 102.058 102.123 102.049 101.956 101.771 101.726 101.74 101.321 100.553 99.7859 98.6482 97.708 96.8645 95.7572 94.6726 93.7307 91.9645 90.8825 90.446 90.3003 90.3162 91.6116 94.6007 95.52 96.3619 97.8067 98.2845 98.9178 100.219 101.317 101.812 102.185 102.479 102.708 102.773 102.724 102.721 102.759 102.741 102.634 102.527 102.387 102.261 101.979
106.426 105.622 104.754 103.799 102.665 101.368 99.9049 98.4594 96.9204 95.2562 94.2687 94.3726 95.602 96.2713 97.338 98.4321 99.5562 100.57 101.457 102.256 102.595 102.695 103.037 103.147 103.071 102.763 102.372 102.281 102.131 102.125 101.663 101.163 100.075 100.062 98.302 97.0212 95.6498 94.5074 93.3519 92.079 90.8507 90.4581 90.4567 91.4501 93.4468 95.2183 96.1024 97.0039 98.6706 99.5204 100.469 100.8 101.785 102.571 102.995 103.283 103.507 103.569 103.493 103.385 103.389 103.363 103.241 103.131 102.985 102.88 102.633
106.486 105.606 104.637 103.492 102.218 100.859 99.4913 98.0982 96.4647 95.3432 94.9833 96.4098 97.2392 98.3111 99.3978 100.489 101.499 102.365 102.984 103.455 103.809 103.853 104.092 105.238 102.731 102.688 102.624 102.724 102.745 102.531 102.434 102.054 100.723 100.295 99.651 96.9034 96.1356 95.1074 93.4948 92.4402 91.5308 90.8987 91.1458 92.0328 94.0196 95.9787 96.8051 97.8939 99.5326 100.521 101.286 102.199 102.341 103.103 103.69 104 104.176 104.268 104.201 104.1 104.042 104.03 103.941 103.816 103.676 103.541 103.361
106.568 105.571 104.415 103.163 101.772 100.402 98.9885 97.4075 96.3731 95.8451 96.1724 97.8845 98.929 100.158 101.265 102.322 103.191 103.822 104.241 104.577 104.906 104.904 105.687 105.543 104.983 104.988 104.176 104.371 104.074 103.781 103.544 102.958 100.899 100.44 100.051 97.2419 96.3419 95.5961 94.5666 93.39 92.7129 92.7442 92.7883 93.2404 95.1099 96.8665 97.9206 99.0495 100.636 101.626 102.541 103.167 103.678 103.209 104.29 104.727 104.919 104.991 104.982 104.873 104.839 104.846 104.813 104.748 104.63 104.555 104.35
106.571 105.53 104.24 102.831 101.519 100.107 98.5981 97.3575 96.9195 97.0323 98.2695 99.4591 100.641 101.923 102.967 103.859 104.513 104.992 105.329 105.565 105.824 106.005 106.24 105.84 105.643 105.552 105.47 105.212 104.951 104.663 104.115 103.568 101.73 100.518 99.904 97.5614 96.8112 96.1638 95.7164 95.2753 94.98 94.9735 95.1031 95.3954 96.515 97.5769 99.086 100.885 101.902 102.893 103.688 104.238 104.717 104.616 105.032 105.561 105.765 105.912 105.967 105.901 105.94 105.989 105.986 105.973 105.965 105.922 105.728
106.569 105.512 104.09 102.761 101.524 100.169 98.6728 97.8591 98.3496 99.6868 100.354 101.309 102.558 103.708 104.615 105.291 105.753 106.082 106.371 106.607 106.743 106.918 106.913 106.442 106.729 106.569 106.313 106.105 105.795 105.366 104.78 104.001 102.918 100.976 100.634 98.6896 97.2451 96.9688 96.9287 96.7886 96.481 96.3491 96.4201 96.9602 97.8101 98.7771 100.369 101.965 103.13 104.119 104.89 105.421 105.852 106.131 106.142 106.612 106.899 107.11 107.314 107.416 107.524 107.605 107.621 107.708 107.807 107.793 107.635
106.392 105.445 104.021 102.825 101.697 100.415 99.3541 100.059 100.734 101.371 102.298 103.411 104.503 105.512 106.082 106.536 106.86 107.154 107.401 107.597 107.708 107.851 107.547 107.539 107.549 107.306 107.124 106.791 106.378 105.917 105.326 104.542 103.968 102.579 101.514 101.122 99.4924 98.2266 98.5446 98.3396 98.1206 98.1639 98.4469 98.9073 99.71 100.59 101.994 102.791 104.095 105.139 105.986 106.612 107.155 107.469 107.071 107.834 108.261 108.575 108.917 109.168 109.452 109.566 109.662 109.79 109.907 109.923 109.838
