depth-data/MillBrook/outs/Millbrock2_10m_WLRaster_WLPEAK.asc
ncols 		200
nrows 		200
xllcorner 	241000
yllcorner 	51000
cellsize 	10
NODATA_value 		0
[rows 120 to 149 of 200, columns 67 to 133 of 200]
30.7173 31.6404 32.4833 33.368 34.2023 34.9336 35.3943 35.5211 35.5022 34.6464 26.7803 31.831 33.8934 32.8294 31.461 26.5695 24.6777 22.6358 17.9615 16.5088 16.4116 16.3019 16.1691 16.2681 16.7503 17.3987 17.9841 18.5138 17.4379 20.4767 21.5833 23.2858 25.1057 26.7854 28.3249 29.5893 30.4636 31.3079 32.3247 33.2015 34.0883 34.945 35.9293 37.1234 38.5475 40.2864 41.7874 42.7651 43.2055 42.8725 43.7083 44.624 45.227 45.7975 45.8864 45.5823 44.5892 43.553 42.1016 40.565 38.2134 36.9068 35.5077 33.9987 32.1047 30.5181 28.9891
30.074 30.8967 31.664 32.4633 33.3096 34.0102 34.2068 34.1604 33.9263 28.25 21.5339 21.6011 26.2194 28.4581 27.8745 24.1165 22.1302 20.8186 17.3156 16.7433 16.4271 16.422 16.553 16.9609 17.4286 18.0836 18.7012 19.4659 18.6051 21.3232 23.3901 24.8679 26.593 28.1853 29.6074 30.7818 31.7511 32.5579 33.3822 34.674 35.9132 36.8625 38.3393 40.5585 42.5477 44.5668 45.6934 46.5099 47.2538 47.9176 48.531 48.9617 49.4116 49.9553 49.6836 49.503 48.7168 47.9978 46.7637 44.4972 42.8631 42.0116 40.3826 38.6612 36.4672 34.5332 32.7617
29.0525 30.0223 30.6718 31.3432 32.1466 32.534 32.5363 32.3384 32.0947 30.5895 22.7758 19.9092 19.7445 21.5392 22.7381 22.2373 21.0445 17.9975 17.3833 17.1436 16.9034 17.4749 17.8841 17.8485 17.8124 18.5805 19.2374 20.1525 19.7614 21.3123 24.0942 26.3373 28.0301 29.5401 30.8523 32.0768 33.1737 34.188 35.1722 36.654 38.0107 39.63 41.6217 43.816 45.9527 47.8268 49.2009 50.1325 50.8889 51.5878 52.1214 52.5372 52.8899 53.1384 53.089 52.8204 52.4039 51.6648 50.6857 49.8993 48.8054 46.754 44.0026 42.3412 41.1898 39.1534 37.1094
26.8848 28.3057 28.7918 28.7173 30.2262 30.3837 30.4754 30.0159 29.0451 27.1973 25.6095 20.9884 19.7389 19.534 21.1637 18.8358 18.3051 18.1799 17.3767 17.3485 18.29 18.2067 18.6381 18.8644 18.892 19.1036 19.8698 20.7925 21.1016 24.3258 26.058 27.8914 29.522 30.8447 32.2697 33.5368 34.8038 36.1181 37.4548 39.464 40.8982 42.68 44.4717 47.1984 49.2976 50.9943 52.3034 53.2475 53.9589 54.6153 55.1241 55.5777 55.9009 56.0775 56.0342 55.7998 55.4656 54.8641 54.4177 53.294 52.0277 49.954 47.4852 46.2139 44.5775 42.7186 40.6871
24.3551 25.3092 25.7414 26.4711 27.2639 27.2622 27.3551 26.6558 25.3603 24.3585 23.3627 21.1422 19.8508 19.3368 18.9673 18.7752 18.3537 18.1883 18.1869 19.0338 19.1276 19.1038 19.3285 19.6827 19.6932 19.4202 20.5891 21.6448 22.4287 25.76 27.6389 29.3977 30.9636 32.3242 33.6919 35.1743 36.8263 38.5682 40.4049 42.2616 43.5258 45.2775 46.8042 50.0034 51.8726 53.1592 54.2059 55.0149 55.8364 56.6653 57.2766 57.5579 58.1693 58.4332 58.5085 58.3308 57.9144 57.3308 56.5999 55.8813 54.8327 53.6266 52.1678 50.2266 48.3302 45.9463 43.6398
22.8304 22.8429 23.5617 24.3007 24.4966 24.4358 23.8971 23.175 22.1386 21.3444 20.7469 20.0683 19.7139 19.4203 18.9819 18.9414 18.6442 19.0158 19.5841 19.9667 20.283 20.213 20.1631 20.5086 20.6908 20.9754 21.013 22.5195 24.1837 27.2136 28.9969 30.7385 32.2973 33.6933 35.3264 37.2566 39.2839 41.3508 43.44 45.4417 47.2908 48.8025 50.3416 52.1358 53.62 54.5892 55.5333 56.4099 57.2339 58.0627 58.8389 59.4025 59.8063 60.1309 60.2727 60.2924 60.0082 59.3979 58.7522 57.8564 56.7253 55.4942 54.1656 52.5343 50.663 48.5015 46.18
22.478 22.3002 22.2284 22.1317 22.109 21.9685 21.5898 21.0221 20.3146 20.1792 20.0728 19.9167 19.739 19.6543 19.2555 19.4357 19.9272 20.4935 20.9945 21.3175 21.5715 21.5275 21.4193 21.4216 21.6135 21.5194 21.3894 23.2135 25.4123 26.4647 29.9341 31.7339 33.4406 35.1195 37.1856 39.6462 42.0213 43.8709 45.5452 47.3143 49.0859 50.7425 52.2592 53.4983 54.6899 55.8091 56.8432 57.8023 58.6914 59.5652 60.3564 60.9272 61.3298 61.5383 61.4559 61.8274 61.6207 61.1205 60.3248 59.4915 58.4881 57.2045 55.7258 53.9371 52.1957 50.2968 48.1852
23.2881 22.4678 21.9279 21.2755 21.1345 21.0368 20.8051 20.4733 20.3149 20.2091 20.1052 19.9504 19.8844 19.8843 19.9141 20.873 21.3396 21.8435 22.1773 22.4307 22.8112 22.9629 22.5951 22.3765 22.6512 22.7647 22.83 23.1843 25.6464 26.1041 30.3879 32.456 34.5082 36.6302 39.1118 41.4654 43.336 45.131 46.9229 48.717 50.5286 52.0376 53.2817 54.5033 55.7499 56.9215 58.0156 58.9847 59.8888 60.7553 61.5742 62.2128 62.6758 62.8922 62.823 63.2299 63.0232 62.5106 61.77 60.9993 59.9559 58.6948 57.1411 55.2599 53.411 51.5145 49.6053
24.525 24.0121 23.3416 22.5811 21.7555 21.2306 21.0402 21.0946 21.3195 21.4128 21.4932 21.5751 21.8798 21.1659 21.4071 22.8401 23.1468 23.3233 23.3571 23.5557 23.9515 24.1689 23.784 23.4804 23.6799 23.9296 24.0502 23.8488 25.536 27.5243 30.7946 32.9272 35.4851 37.7825 40.3099 42.3991 44.3153 46.1209 47.9806 49.7548 51.4288 52.8103 54.0868 55.3708 56.6524 57.8989 59.058 60.0671 60.9337 61.7652 62.5842 63.2131 63.6743 63.9177 64.0206 64.2824 64.1883 63.7208 62.9928 62.0996 60.9862 59.8227 58.144 56.5377 54.6537 52.7747 50.998
26.7843 24.7687 24.5206 24.2874 23.9719 23.5902 23.4062 23.4497 23.5859 23.6991 23.7796 23.9774 24.0471 22.6286 22.4681 23.9597 23.999 24.1031 24.6669 25.173 25.269 25.4061 25.2535 24.6961 24.698 25.1238 25.4156 25.4771 25.4812 27.8191 28.2302 33.0289 35.9109 38.6263 41.0821 43.2271 45.0266 46.808 48.7008 50.5025 52.0065 53.388 54.7645 56.1659 57.5699 58.8064 59.9629 60.9694 61.861 62.67 63.4439 64.1079 64.5616 64.8501 64.9232 65.3375 65.2435 64.8511 64.1407 63.2375 62.1466 60.8905 59.3818 57.6355 55.9714 54.2573 52.588
29.0032 27.815 26.9118 26.0437 25.1057 24.448 24.4314 24.4517 24.52 24.6833 24.8551 24.9782 24.5546 23.9436 25.0036 25.4018 25.6885 26.1302 26.4717 27.0575 27.0744 27.0303 27.0108 26.3222 25.8564 26.0417 26.3813 26.3804 25.6842 28.2823 29.8627 31.45 36.1521 39.2401 41.6506 43.7664 45.4893 47.3994 49.311 50.9528 52.3818 53.8908 55.3872 56.9436 58.425 59.6889 60.7929 61.8043 62.6858 63.4797 64.2761 64.9225 65.4214 65.6475 66.0981 66.3476 66.2589 65.8215 65.1661 64.3454 63.287 62.0284 60.5896 58.9907 57.4466 55.9648 54.4479
31.302 30.0037 28.8555 27.9374 27.5019 27.1566 26.9152 26.9252 27.0714 27.238 27.205 27.2124 27.3659 27.4913 27.4912 27.8962 28.0829 28.4348 28.8615 29.1781 29.1922 29.0104 28.6797 28.2249 27.4221 27.1514 27.3072 27.4939 27.4389 27.9018 30.4558 32.1702 34.3005 37.9156 41.7392 44.1291 45.9528 47.907 49.701 51.2356 52.8171 54.3536 55.9475 57.7888 59.3777 60.404 61.4779 62.7642 63.7656 64.7945 65.5783 66.0922 66.5309 67.0221 67.453 67.553 67.402 66.9121 66.3292 65.5259 64.5 63.3213 61.9224 60.5309 58.9367 57.7523 56.4128
33.3255 32.1297 31.0491 30.1511 29.6358 29.4056 29.2367 29.2591 29.4148 29.6287 29.6091 29.5263 29.6862 30.0231 30.2458 30.4531 30.6545 30.9815 31.2633 31.2995 31.1425 30.8935 30.4629 30.1141 29.5432 28.673 28.4332 28.5339 28.6147 28.579 30.5928 32.7635 34.4601 37.3836 41.4372 44.1329 46.2102 48.2059 49.9182 51.6084 53.335 55.0014 56.7228 58.8391 60.2904 61.5567 63.133 64.6768 65.943 66.9943 67.803 68.2767 68.4254 68.944 69.0775 69.1091 68.7654 68.2903 67.6172 66.8139 65.8129 64.6766 63.3927 62.056 60.8041 59.4496 58.355
35.3639 34.2382 33.2102 32.4623 32.0697 31.8948 31.7763 31.7076 31.7494 31.9243 31.95 32.1294 32.3432 32.5043 32.517 32.5378 32.7784 33.1729 33.4502 33.3871 33.1628 32.9105 32.6663 32.2865 31.8409 30.9416 29.8678 29.6316 29.9702 30.1271 30.2626 32.5497 34.4386 36.2934 40.988 43.5343 46.0049 48.1388 50.1248 52.0712 53.9504 55.8543 57.8707 60.127 62.1483 63.7895 65.5507 67.0793 68.313 69.2942 70.0603 70.5489 70.5748 71.0755 71.2153 71.0089 70.5089 69.8584 68.9953 68.0969 67.1058 66.0144 64.8353 63.596 62.364 61.0093 60.1697
37.5948 36.5642 35.6688 35.0587 34.8337 34.7266 34.5945 34.4606 34.3826 34.3625 34.3254 34.5896 34.786 34.947 35.1101 35.3807 35.7494 35.7661 35.4684 35.3744 35.3395 35.3196 35.3206 35.2591 34.9238 33.8784 32.1677 31.3212 31.5464 31.579 32.3903 32.7807 34.6832 37.1663 38.287 42.6082 45.3229 47.8423 50.23 52.5115 54.6882 57.0872 59.5761 62.3649 64.5312 66.4123 68.1509 69.6595 70.7806 71.7242 72.4402 72.8511 73.0169 73.32 73.4185 73.157 72.5793 71.7339 70.6133 69.5699 68.4511 67.2896 66.1503 64.9958 63.8661 62.7264 61.6292
40.1232 39.2728 38.5076 37.8952 37.7555 37.5986 37.4765 37.3076 37.0387 36.7022 36.7435 36.8999 37.3338 37.6649 38.0352 38.3149 38.503 38.4305 38.3247 38.0568 37.7661 37.8466 38.3371 38.4827 38.0091 36.8314 35.0458 33.2126 32.6571 32.1673 33.0473 33.7138 35.0206 37.2601 39.0439 40.8668 44.4382 47.3825 50.2464 52.9891 55.7285 58.7126 62.0016 64.8029 67.2766 69.1428 70.7763 72.0748 73.0933 73.9318 74.5127 74.8335 75.0415 75.2559 75.2077 75.0026 74.3723 73.4869 72.3238 71.2203 70.0789 68.8422 67.5801 66.3904 65.3182 64.1609 62.8986
43.0392 42.3915 41.7565 41.1118 40.8199 40.5009 40.2929 40.1014 39.8191 39.5069 39.492 39.6427 40.0467 40.5083 40.8911 41.1733 41.2994 41.2227 41.1363 41.229 41.5638 41.8232 41.7117 41.2838 40.7154 39.7421 37.9214 35.8584 34.0394 34.1261 34.5751 34.3326 35.7118 37.2588 39.0148 41.0472 42.0889 46.7021 50.1375 53.599 57.2186 60.848 64.1845 67.0834 69.5671 71.1908 72.4443 73.5202 74.4011 75.0944 75.5653 75.941 76.2067 76.3325 76.384 76.0878 75.5777 74.81 73.8795 72.8883 72.0341 70.807 69.4097 68.0124 66.845 65.7603 64.673
46.0454 45.6029 45.0381 44.3136 43.9047 43.4711 43.1818 43.0619 42.9265 42.6618 42.6635 42.9405 43.2644 43.4543 43.6323 43.9146 44.1964 44.3069 44.5723 44.9772 45.3115 45.3719 45.0298 44.6265 43.823 42.6749 41.2446 39.0293 36.4188 35.2978 35.7379 36.0295 36.1758 37.3529 38.978 40.9789 42.3181 46.1749 50.7144 54.6263 58.6536 62.2433 65.5799 68.6713 70.9751 72.3238 73.5199 74.5358 75.4491 76.1122 76.5979 76.9884 77.2486 77.3526 77.3039 76.9813 76.4384 75.8609 75.2802 74.4911 73.6464 72.789 71.3866 69.8916 68.6368 67.5421 66.6274
48.7568 48.5194 48.0247 47.2557 46.5848 46.0167 45.8392 45.8589 46.0584 46.0453 46.1747 46.2984 46.394 46.5277 46.8435 47.1042 47.4099 47.6603 48.2209 48.6084 48.7587 48.6122 48.2928 47.8038 47.3281 46.508 44.7155 42.7354 39.895 37.4317 36.3911 36.6981 37.5412 37.6919 39.2034 41.002 43.1231 44.9862 50.7694 55.2759 59.9507 63.4936 66.9078 69.8943 71.9757 73.2719 74.478 75.5314 76.3971 77.0777 77.5732 77.9286 78.1239 78.223 78.1044 77.8567 77.2764 76.7771 76.3083 75.7885 75.0833 74.2457 73.0557 71.5983 70.4011 69.4314 68.6668
51.8608 51.4408 51.0466 50.4657 50.1829 49.7251 49.397 49.316 49.4587 49.4718 49.48 49.6021 49.8048 50.1761 50.756 50.9798 51.2285 51.6086 52.0145 52.1881 52.3656 52.4061 52.2038 51.8781 51.3409 50.389 48.9419 46.7718 44.2063 41.0051 38.416 37.5948 37.9887 37.912 39.6805 41.298 43.3982 44.7729 50.9122 55.9129 60.9722 64.6638 68.2331 71.0347 72.7336 73.9825 75.2261 76.3521 77.0804 77.8034 78.2912 78.6814 78.9467 78.9816 78.8703 78.572 77.792 77.5713 77.276 76.8051 76.2746 75.512 74.5421 73.2775 72.0129 71.1484 70.9338
55.637 55.0671 54.6862 54.0863 53.8066 53.5314 53.263 53.2129 53.2098 53.1697 53.0335 53.0104 53.4456 54.1206 54.7049 54.8968 55.0824 55.1842 55.5074 55.9142 56.2977 56.4629 56.5041 56.2605 55.2695 53.9207 52.4086 50.4809 47.9624 44.6859 41.4413 39.0164 38.9853 39.1538 40.431 41.9169 43.9062 45.2299 50.9708 56.4755 61.7172 65.8263 69.3684 71.8625 73.1941 74.513 75.7893 76.8254 77.6387 78.4242 79.0019 79.4217 79.6167 79.664 79.5113 79.1945 78.7554 78.2738 78.0497 77.5032 77.2079 76.8182 76.0437 75.0568 74.4498 73.7203 72.7808
60 59.4135 58.8465 58.1928 57.8159 57.4629 57.1689 56.9648 56.86 56.8796 56.9707 57.3246 57.884 58.1285 58.2977 58.3459 58.4145 58.6051 59.1045 59.6297 59.7111 59.8608 60.0365 59.5417 58.8015 57.7453 56.173 53.7473 50.8908 47.5688 44.4012 41.3459 40.2199 40.3444 41.3149 42.6417 44.7945 46.1334 51.7853 57.3453 62.7885 66.671 70.0986 72.2278 73.5744 75.0034 76.3348 77.4011 78.2746 78.9478 79.5404 79.8796 80.1394 80.1112 79.8765 79.6635 79.2096 78.9976 79.1093 78.7425 78.3289 77.8498 77.3456 76.6562 75.9793 75.2898 74.3729
64.2574 63.868 63.4156 62.7176 61.8954 61.2217 60.9267 60.765 60.6057 61.028 61.3559 61.6906 62.0081 61.9932 61.9467 61.9378 62.115 62.4021 62.5208 62.6498 62.6979 62.8043 63.0236 63.1125 62.2243 60.5303 58.6848 56.1659 53.4562 50.3061 47.3207 44.3849 41.564 41.4847 41.5377 43.34 45.2825 47.261 52.572 57.4376 62.4378 66.9627 70.3113 72.4705 73.9647 75.4462 76.7753 77.8392 78.5654 79.2514 79.822 80.2693 80.5945 80.5168 80.5234 80.3735 80.143 79.9487 79.8943 79.7112 79.3739 78.952 78.4326 77.8457 77.1188 76.3743 75.4974
68.3959 68.1892 67.6961 66.8381 66.0874 65.3873 65.0037 64.8627 64.36 65.2117 65.6976 65.9848 66.2067 66.0199 65.8185 66.0504 66.2339 66.5611 66.7378 66.5982 67.2047 67.0854 67.2258 67.0675 66.0333 64.2627 61.6561 58.7713 55.9911 52.9805 50.0071 47.1836 44.7874 42.7988 42.3193 44.0713 46.1659 48.1144 53.173 57.6281 62.4963 66.98 70.8839 72.7557 74.3324 75.7615 77.1281 78.1396 78.976 79.7022 80.3508 80.7417 81.0221 81.1919 81.3074 80.9257 80.8441 80.895 80.8051 80.6216 80.2928 79.9437 79.432 78.8526 78.0932 77.3188 76.5344
72.112 71.7257 71.2953 70.7887 70.4785 70.0816 69.6844 69.4935 69.1973 69.71 70.0597 70.131 70.1771 70.0512 69.9563 70.2614 70.6679 71.0037 71.2179 71.3902 71.8603 71.7147 71.4614 70.5541 70.0306 68.4513 64.0939 62.726 58.8528 56.0468 52.5706 49.5268 47.2405 45.0419 43.4207 44.836 47.1365 49.1502 53.5023 58.4593 62.7469 67.4593 70.959 73.0808 74.64 75.9492 77.2633 78.4449 79.3838 80.1727 80.7389 81.13 81.4508 81.6761 81.7082 81.8136 81.3966 81.5984 81.5679 81.4488 81.1898 80.8432 80.3864 79.8345 79.1551 78.3558 77.554
75.2943 74.9677 74.7989 74.5937 74.5601 74.519 74.4861 74.3541 74.3598 74.437 74.5238 74.2292 74.0896 74.2296 74.4419 74.5245 74.5815 74.7198 75.031 75.238 75.2011 74.9261 74.1866 73.0883 72.024 70.619 68.9359 65.2575 62.2414 59.9025 56.2461 52.0921 49.3632 46.7746 45.1827 45.7527 47.8814 50.3474 54.3771 58.7686 63.3989 68.1666 71.314 73.3709 74.9452 76.4019 77.6435 78.8126 79.7791 80.4906 81.0769 81.5506 81.8766 82.0697 82.1697 82.2404 82.1631 82.247 82.2827 82.2004 82.0168 81.6726 81.3082 80.8239 80.222 79.4177 78.551
78.0388 77.8011 77.7748 77.9406 78.2027 78.3111 78.3467 78.3594 78.3092 78.1311 77.9765 77.7169 77.7157 77.8162 77.8244 77.6983 77.6164 77.4706 77.5422 77.7318 77.4652 76.9343 76.1862 75.0468 73.9216 72.5533 70.6972 67.9609 65.687 63.3879 59.9661 55.287 51.8756 48.8504 47.6898 47.3216 48.9433 51.8764 55.275 59.3077 64.5605 68.546 71.634 73.821 75.3853 76.6795 78.0737 79.2103 80.1118 80.7983 81.3872 81.866 82.2572 82.4757 82.6564 82.7591 82.9402 82.7417 82.9461 82.8934 82.7489 82.4769 82.1574 81.7581 81.2038 80.4647 79.5131
81.5385 81.4891 81.6348 80.6587 81.2229 81.3519 81.3564 81.3073 81.1343 80.9563 81.0922 81.2614 80.9643 80.7161 80.5737 80.3428 80.1936 79.924 79.7265 79.7461 79.3501 78.7421 77.81 76.6569 75.4108 74.0719 72.3804 70.6713 68.6696 65.9276 62.6057 58.184 53.7752 50.7204 49.4855 48.7115 50.4697 52.9728 55.8492 60.6992 65.7518 69.2597 72.2365 74.2786 75.7329 77.2321 78.4538 79.508 80.3795 81.1061 81.7075 82.2263 82.6326 82.9012 83.0547 83.2055 83.4038 83.4094 83.505 83.5037 83.395 83.2357 82.9514 82.6147 82.0357 81.3918 80.4629
84.2662 84.1401 84.1381 84.1986 84.062 84.0423 83.7833 83.693 83.6856 83.6987 83.8943 83.8524 83.6191 83.3166 82.963 82.7513 82.4665 82.2139 81.9085 81.6404 81.1471 80.151 79.1722 77.9407 76.569 75.1797 73.698 71.9287 70.0118 68.2067 64.2769 60.2854 55.9594 52.5953 50.7402 50.2913 52.5531 54.2324 56.1928 61.9684 67.3681 70.4471 72.9662 74.6912 76.358 77.6547 78.7939 79.8206 80.6847 81.4088 82.0502 82.5066 83.0154 83.3265 83.485 83.6381 83.7606 83.9088 83.8938 84.0065 83.9867 83.8495 83.5953 83.2664 82.7927 82.1815 81.3752
86.9515 86.8616 86.7379 86.4845 86.4714 86.1845 86.0734 86.0497 86.0667 86.1366 86.1304 85.9074 85.5972 85.3059 84.8839 84.534 84.2537 83.9058 83.4476 83.0467 82.6556 81.6968 80.4502 79.0634 77.574 76.0945 74.6501 73.1982 71.1683 68.8338 64.364 60.9955 56.5376 53.6141 52.2665 51.352 53.9877 56.098 57.8844 63.4879 67.6658 71.3808 73.2781 75.3387 76.8155 78.0298 79.1615 80.1632 81.0099 81.7165 82.388 82.9644 83.4482 83.7744 83.923 84.0139 84.0619 84.3109 84.1809 84.4311 84.4994 84.395 84.2466 83.9708 83.5349 83.0139 82.2127
