depth-data/MillBrook/outs/Millbrock2_10m_WDraster_7200.asc
ncols 		200
nrows 		200
xllcorner 	241000
yllcorner 	51000
cellsize 	10
NODATA_value 		-9999
[rows 156 to 181 of 200, columns 114 to 170 of 200]
0.00716495 0.00676152 0.00635432 0.00594278 0.00552782 0.00511114 0.00469325 0.00427088 0.00383441 0.00336576 0.00283521 0.0021884 0.00125365 0.00223016 0.000992278 0.00162703 0.00207439 0.00251683 0.00300734 0.00355503 0.0041402 0.00472943 0.00529123 0.00581316 0.00629214 0.00672416 0.00710357 0.00742737 0.00769848 0.00792584 0.00812229 0.00830188 0.00847787 0.00866218 0.00886587 0.00909978 0.00937429 0.00969794 0.010075 0.0105028 0.0109705 0.0114596 0.0192647 0.0106769 0.00788157 0.0110524 0.0123912 0.0130282 0.0133038 0.0133623 0.0132774 0.0130945 0.0128476 0.0125657 0.0122755 0.0120014 0.0117652
0.00724367 0.0068378 0.00642767 0.00601121 0.0055887 0.00516299 0.00473815 0.00431648 0.00389478 0.0034613 0.00299418 0.00246043 0.00180769 0.000885638 0.00135211 0.00167771 0.00204326 0.00251003 0.00306319 0.00367787 0.00431205 0.004921 0.00547336 0.00597175 0.00642138 0.00681772 0.00715378 0.00742916 0.00765266 0.00783957 0.00800719 0.00817129 0.00834473 0.00853825 0.00876214 0.00902694 0.00934249 0.00971529 0.0101453 0.0106233 0.011131 0.0116425 0.0121283 0.0125599 0.0129124 0.0131681 0.0133166 0.0133558 0.0132909 0.0131337 0.0129014 0.0126152 0.0122992 0.0119786 0.0116784 0.0114211 0.0112254
0.00732733 0.00692018 0.00650958 0.00609112 0.00566265 0.00522599 0.00478701 0.00435317 0.00392882 0.00350968 0.00307839 0.00260159 0.00202005 0.00116589 0.00127042 0.00151917 0.00194722 0.00252663 0.00317362 0.00385903 0.0045288 0.00513411 0.00565198 0.00611345 0.00652726 0.00688075 0.00716481 0.00738537 0.0075606 0.00771299 0.00786259 0.0080241 0.00820771 0.00842212 0.00867707 0.00898328 0.00934963 0.00977922 0.0102656 0.0107912 0.0113291 0.0118467 0.0123109 0.0126931 0.0129716 0.0131341 0.0131773 0.0131066 0.0129348 0.0126808 0.0123679 0.0120227 0.011673 0.0113461 0.0110671 0.010856 0.0107264
0.00741415 0.00700573 0.00659687 0.00618079 0.00575146 0.005307 0.004852 0.004397 0.00395446 0.0035315 0.00312224 0.00270353 0.00223529 0.00165774 0.00082379 0.00127655 0.00190045 0.00263339 0.00336108 0.00410086 0.00477984 0.00534938 0.00580484 0.00622545 0.0066029 0.00690547 0.00712707 0.00728828 0.00742025 0.0075509 0.00769855 0.00787275 0.00807925 0.0083252 0.00862129 0.00897889 0.00940494 0.00989671 0.0104389 0.0110038 0.0115559 0.0120571 0.0124735 0.0127793 0.0129588 0.0130076 0.012931 0.0127432 0.012465 0.0121223 0.0117445 0.0113623 0.0110059 0.0107029 0.0104754 0.0103378 0.0102957
0.00750336 0.00709159 0.00668475 0.00627497 0.00585195 0.0054077 0.00494147 0.00446245 0.0039883 0.00353822 0.00312162 0.00272652 0.0023139 0.00181365 0.00105804 0.00117659 0.00199039 0.00285376 0.00361565 0.00439137 0.00504457 0.00553922 0.0059057 0.00630278 0.00664655 0.00688276 0.00702862 0.00713158 0.00723517 0.00736521 0.00753067 0.00773226 0.00797185 0.00825796 0.0086045 0.00902325 0.00951653 0.0100725 0.0106643 0.0112534 0.0117964 0.0122528 0.0125911 0.0127917 0.0128481 0.0127657 0.0125602 0.0122548 0.0118786 0.0114642 0.0110455 0.0106563 0.010327 0.0100819 0.00993651 0.00989603 0.0099552
0.00759611 0.00717664 0.00676868 0.00636625 0.00595622 0.00552342 0.00505792 0.00456165 0.00405146 0.00355586 0.00310388 0.00270716 0.00234431 0.00196025 0.00147536 0.00073615 0.00219871 0.00317153 0.00390608 0.00471796 0.00529494 0.00566812 0.00592747 0.00635988 0.00665936 0.00679577 0.00685386 0.00691428 0.00701913 0.00717662 0.00737851 0.00761712 0.00789554 0.00822875 0.00863556 0.0091253 0.00969107 0.0103081 0.0109361 0.0115259 0.0120292 0.0124068 0.0126336 0.0127005 0.0126127 0.0123876 0.0120515 0.0116372 0.0111812 0.0107215 0.0102956 0.00993731 0.00967341 0.00952063 0.00948349 0.00955464 0.00971775
0.00769585 0.00726294 0.00684676 0.00644747 0.00605313 0.0056428 0.00519496 0.00469828 0.00416014 0.00360952 0.00309119 0.00264724 0.0022865 0.00196106 0.00156898 0.00090637 0.00266846 0.00357652 0.00418935 0.00508214 0.00548825 0.00569029 0.00584857 0.00644961 0.0066299 0.00660836 0.00658714 0.00665044 0.00680156 0.00701317 0.00726047 0.0075368 0.00785595 0.00824424 0.00872355 0.00929375 0.00993288 0.0106003 0.0112419 0.0118001 0.0122256 0.0124858 0.0125672 0.0124746 0.0122275 0.0118563 0.0113983 0.0108948 0.0103886 0.0099215 0.00953119 0.00924741 0.00908799 0.00905648 0.00914278 0.00932683 0.00958391
0.00780744 0.00735649 0.00692197 0.00651503 0.0061315 0.00574969 0.00533722 0.00486495 0.00432189 0.00372537 0.00312353 0.00258688 0.0021774 0.00189382 0.00164666 0.00121896 0.00331188 0.00396768 0.00439048 0.00551804 0.00553699 0.00555037 0.00566937 0.00668819 0.00648315 0.00625392 0.00623309 0.00638598 0.00662784 0.00690115 0.00718531 0.00749207 0.00785503 0.00831188 0.00887939 0.00953662 0.0102422 0.0109393 0.0115612 0.0120458 0.0123489 0.0124507 0.0123546 0.012083 0.0116711 0.0111623 0.010604 0.0100445 0.00953082 0.00910521 0.00880057 0.00863589 0.0086132 0.00871867 0.00892763 0.00921116 0.00954158
0.00793491 0.00746616 0.00700364 0.00657248 0.00618443 0.00582677 0.0054619 0.00504152 0.00452859 0.00391613 0.00323768 0.00257078 0.00202742 0.00169646 0.00159277 0.00176476 0.00416896 0.00419886 0.0044388 0.00613434 0.00520665 0.0052154 0.00544807 0.00726433 0.00592139 0.0056612 0.00587429 0.00620931 0.0065413 0.00684756 0.00714484 0.00747619 0.00789577 0.0084439 0.0091166 0.00985907 0.0106126 0.0113063 0.0118636 0.0122233 0.0123545 0.0122575 0.0119581 0.0114984 0.0109297 0.010307 0.00968592 0.00911937 0.00865476 0.00832866 0.00816102 0.00815154 0.00828137 0.00852003 0.00883378 0.00919179 0.00956914
0.00807802 0.00760061 0.00710661 0.00663324 0.00621466 0.00586101 0.00554284 0.00519718 0.00475553 0.00417525 0.00345906 0.00266512 0.00191577 0.00132818 0.000728395 0.00269374 0.00526994 0.0038604 0.00431914 0.00713335 0.00353299 0.00487068 0.00533677 0.00839562 0.00350893 0.0050193 0.00575119 0.00620688 0.00653963 0.00682481 0.00711672 0.00748394 0.00799011 0.0086602 0.00944918 0.0102588 0.0110272 0.0116717 0.0121072 0.0122822 0.0121895 0.0118587 0.0113416 0.0107007 0.0100016 0.00930827 0.00868117 0.00817357 0.00782609 0.00765929 0.00766915 0.00783001 0.00810414 0.0084523 0.00884057 0.00924285 0.00964059
0.00822859 0.00776303 0.00724698 0.0067208 0.00623998 0.00585124 0.00555647 0.00529388 0.00496273 0.00447329 0.00378241 0.00291041 0.00199375 0.00132956 0.000892286 0.00337999 0.00195823 0.00620635 0.00439495 0.00437116 0.00565957 0.0055897 0.00543888 0.00545853 0.00562182 0.00584853 0.00608573 0.00631469 0.00653859 0.00678193 0.00708374 0.00752621 0.00816496 0.0089865 0.00988539 0.0107198 0.0114571 0.0119936 0.0122368 0.0121595 0.0117938 0.0112061 0.010476 0.00968356 0.00890439 0.00820745 0.00765281 0.00728538 0.00712555 0.00716345 0.007364 0.00768045 0.00806758 0.00848871 0.00891718 0.00933493 0.00973054
0.00836803 0.00794507 0.00743415 0.00686348 0.00629604 0.00581775 0.00549115 0.00529164 0.00509809 0.00476222 0.00417532 0.00327686 0.0021342 0.00124487 0.00119476 0.00221944 0.00301674 0.00370844 0.00709733 0.00397125 0.00638544 0.00516156 0.00491762 0.00512893 0.00544404 0.00573683 0.00598747 0.00621145 0.00643338 0.00669893 0.00706079 0.00763934 0.00845949 0.00944582 0.0104188 0.0112053 0.0118613 0.0122166 0.0121801 0.0117782 0.0111009 0.010256 0.00934636 0.00846283 0.00768475 0.0070795 0.00669621 0.00655341 0.00663186 0.00688329 0.00725003 0.00768086 0.00813722 0.00859277 0.00903067 0.00944081 0.00981769
0.00846785 0.00812261 0.00766081 0.00708221 0.0064314 0.00581179 0.00536235 0.00515699 0.00509863 0.00497648 0.00460457 0.00379688 0.00241347 0.000742132 0.00172021 0.0025477 0.00329644 0.00394796 0.00448681 0.00638943 0.0077692 0.00282004 0.00427251 0.00499167 0.00541143 0.00568753 0.00590142 0.00610278 0.00632601 0.00663767 0.0070955 0.0078764 0.00891203 0.0100468 0.011019 0.0116521 0.0121934 0.0122675 0.0118395 0.0110433 0.010042 0.00897784 0.00796384 0.00709097 0.00643358 0.00604388 0.00593505 0.00607226 0.0063889 0.00681481 0.00729384 0.00778722 0.00827026 0.00872808 0.00915231 0.00953881 0.00988623
0.00849409 0.0082556 0.00789524 0.00737356 0.00668898 0.00591546 0.00523563 0.00488171 0.00489135 0.00500983 0.00498654 0.0044839 0.00299471 0.000931292 0.00194881 0.00280862 0.00355426 0.00416181 0.0046265 0.00751471 0.003176 0.00446664 0.00501419 0.00529712 0.00547461 0.00562205 0.0057792 0.00597168 0.00622 0.00662119 0.00722003 0.00828973 0.00954599 0.0107748 0.0116235 0.0119637 0.0124207 0.0120392 0.0110731 0.00983658 0.00855322 0.00736952 0.00638656 0.00568188 0.00530689 0.00526154 0.00548433 0.00588384 0.00637789 0.00690862 0.00743984 0.00795011 0.00842728 0.00886497 0.00926051 0.00961364 0.00992568
0.00841631 0.00829395 0.00807995 0.00769577 0.00707612 0.00621484 0.00524564 0.00452727 0.00441869 0.00470016 0.00513696 0.00528169 0.00379282 0.00127138 0.00222339 0.00310065 0.0038164 0.00434448 0.00470427 0.00493047 0.00506104 0.00513284 0.00517982 0.00523123 0.00530954 0.00543008 0.00560034 0.00583169 0.00613871 0.00668937 0.0074718 0.00894143 0.0103619 0.0115867 0.0121259 0.0120015 0.0125691 0.0113249 0.00964856 0.00800987 0.00659368 0.00549019 0.0047637 0.00445283 0.00452507 0.00487244 0.00537452 0.00594379 0.00652754 0.00709596 0.00763245 0.00812807 0.00857853 0.00898258 0.00934096 0.00965576 0.00992994
0.00822107 0.00819012 0.00813879 0.0079646 0.00753886 0.00674421 0.00556258 0.00428949 0.00373082 0.00381848 0.00464446 0.00613358 0.00486613 0.00185624 0.00249803 0.00341511 0.00406323 0.00446514 0.00468936 0.00479642 0.00483623 0.00485057 0.00487403 0.00493277 0.00504226 0.0052098 0.00543406 0.00572984 0.00611408 0.00689307 0.00788241 0.00990462 0.0113163 0.0124042 0.0123517 0.0115694 0.0128217 0.00953289 0.00710994 0.00536815 0.00418811 0.00354774 0.00343456 0.00372924 0.00425232 0.00487238 0.00551801 0.00615237 0.00675562 0.00731674 0.00782987 0.00829255 0.0087047 0.00906797 0.00938519 0.00965992 0.00989617
0.00792893 0.00792004 0.00799393 0.00806072 0.00795364 0.00744085 0.00628075 0.00445692 0.00325743 0.00211675 0.000802376 0.00688794 0.00627246 0.00284773 0.00260378 0.00376645 0.00426513 0.00447927 0.00454687 0.00454186 0.00451459 0.00450414 0.00453998 0.00463937 0.00480545 0.00503604 0.00532068 0.00568999 0.006162 0.00729229 0.00846558 0.0112739 0.0122781 0.0131158 0.0119955 0.0103851 0.0136743 0.00185109 0.0010316 0.00112929 0.0015876 0.00222401 0.00293099 0.00366275 0.00439339 0.00510463 0.00578262 0.00641718 0.00700146 0.00753161 0.00800635 0.0084265 0.00879449 0.00911386 0.00938881 0.00962391 0.00982378
0.00760913 0.0075138 0.00759745 0.0078474 0.00812883 0.00813895 0.00736359 0.00507505 0.00375689 0.00252595 0.000964889 0.00213048 0.00803888 0.00285188 0.00394966 0.00428253 0.00435258 0.00431984 0.00424501 0.00416562 0.00411607 0.00412646 0.00421568 0.00438615 0.00462476 0.00492376 0.00526502 0.00571885 0.00628979 0.00797115 0.00920056 0.0131882 0.0129165 0.0136153 0.0103891 0.00800782 0.00885154 0.00204328 0.00143253 0.000631143 0.00154312 0.00236041 0.00316142 0.00394453 0.00469872 0.00541249 0.00607642 0.00668402 0.00723186 0.00771924 0.0081477 0.00852042 0.00884173 0.00911657 0.00935016 0.00954762 0.00971384
0.00737329 0.00709032 0.00699173 0.00721071 0.0077946 0.00854445 0.00876748 0.00579837 0.00434436 0.00309035 0.00132932 0.0025071 0.00706495 0.00449948 0.00444399 0.00422045 0.00403981 0.00390189 0.0037831 0.00370021 0.00368645 0.00376665 0.00394472 0.00420345 0.00451432 0.00487604 0.00526162 0.00582404 0.00650481 0.00905146 0.00999008 0.0158674 0.0123273 0.0139918 0.00417925 0.00339229 0.00270628 0.00215062 0.00154998 0.00069497 0.00172657 0.00261949 0.00346719 0.00427278 0.00502876 0.00572694 0.00636142 0.00692935 0.00743079 0.00786821 0.00824581 0.00856887 0.00884324 0.00907487 0.00926949 0.00943246 0.00956857
0.00731875 0.00685122 0.00640947 0.00618854 0.0065715 0.00798288 0.0106195 0.00664139 0.00498334 0.00381494 0.00195454 0.00294358 0.00473491 0.00726767 0.00399024 0.00355869 0.00343663 0.00335605 0.0032616 0.00322163 0.00328973 0.00347729 0.00376178 0.00410519 0.00447091 0.00488496 0.00529736 0.00602404 0.00681412 0.0107015 0.0105541 0.019673 0.006113 0.00528796 0.00451322 0.00362776 0.002822 0.00226653 0.00171973 0.000837241 0.00198976 0.00294257 0.00381762 0.0046265 0.0053662 0.00603254 0.00662376 0.00714109 0.0075883 0.00797091 0.00829546 0.00856888 0.00879802 0.00898931 0.0091486 0.00928105 0.00939112
0.00743411 0.00693803 0.00628327 0.00539112 0.00413163 0.00213853 0.013102 0.00765126 0.0056028 0.00468388 0.00301215 0.00333602 0.00567853 0.00712424 0.00165755 0.00257616 0.00290228 0.00287278 0.00275693 0.00278108 0.00297533 0.00329355 0.00367875 0.00408342 0.00447553 0.00493886 0.0053552 0.00636196 0.00721572 0.013147 0.0100861 0.0158937 0.0065215 0.00564037 0.00492602 0.0039538 0.00294265 0.00235666 0.00193417 0.00110837 0.00234101 0.0033221 0.0041998 0.00499104 0.00569603 0.00631483 0.00685042 0.0073084 0.00769611 0.00802175 0.0082936 0.00851958 0.00870695 0.00886209 0.00899053 0.00909693 0.00918515
0.00757525 0.00721161 0.00673639 0.00607188 0.00507304 0.00329714 0.0105061 0.00894694 0.0060706 0.00556586 0.00478655 0.00326993 0.00695847 0.00371971 0.00247668 0.00290893 0.00283951 0.00243513 0.00219801 0.00239782 0.00278305 0.00322886 0.00368332 0.00411313 0.0045006 0.00503356 0.00541415 0.0069216 0.00767216 0.0166931 0.00428105 0.0108921 0.00698017 0.00595051 0.00541094 0.00442474 0.00308747 0.00235757 0.00215407 0.00158172 0.00277634 0.00374109 0.00459652 0.00534973 0.00600222 0.00655923 0.00702915 0.00742195 0.00774805 0.0080175 0.00823952 0.00842226 0.00857273 0.00869678 0.00879928 0.00888416 0.0089546
0.00759503 0.00733046 0.00701366 0.00659705 0.00601956 0.00523778 0.00435525 0.010778 0.00621072 0.00592525 0.00559555 0.00521638 0.00478337 0.00429219 0.00373644 0.00310213 0.00235016 0.00131448 0.00137342 0.00218396 0.00275644 0.00326895 0.00374293 0.00416062 0.00451738 0.00518586 0.00543835 0.00784252 0.00804582 0.0143808 0.00688015 0.00731803 0.00756101 0.00611803 0.00591923 0.00511133 0.00333402 0.00215894 0.00224709 0.00238575 0.00325277 0.00417153 0.0049887 0.00568517 0.00626838 0.00675164 0.00714925 0.00747483 0.00774073 0.00795775 0.00813505 0.00828023 0.00839953 0.00849791 0.00857935 0.00864698 0.00870327
0.00751955 0.00730305 0.00707617 0.00679625 0.00637199 0.00562639 0.00397862 0.00956694 0.00614911 0.00590259 0.00561461 0.00527817 0.00488764 0.0044384 0.00392627 0.00334536 0.00268245 0.00190307 0.00086593 0.00239717 0.0028672 0.00335705 0.00381376 0.00419262 0.00450178 0.00544961 0.00534 0.00933258 0.00791658 0.0101291 0.00602766 0.00670962 0.00845368 0.00597013 0.00630551 0.0060769 0.00385139 0.00158827 0.0035052 0.00211244 0.00359319 0.00458948 0.00536201 0.00598006 0.00647796 0.00687928 0.00720265 0.00746339 0.00767409 0.00784499 0.00798427 0.00809843 0.00819251 0.00827045 0.0083353 0.0083894 0.00843459
0.00739518 0.00718775 0.00701118 0.00686494 0.00671351 0.00655742 0.00639751 0.00623008 0.00604703 0.00583785 0.00559196 0.00530019 0.00495472 0.00454879 0.00407689 0.00353333 0.00290547 0.00215173 0.00109295 0.00289765 0.00289312 0.00342097 0.00386447 0.00418487 0.0044375 0.00593111 0.00485846 0.0116826 0.00563736 0.00164691 0.00480891 0.00348138 0.010023 0.00522689 0.00618732 0.0073396 0.00484661 0.00238941 0.00187796 0.00327394 0.00427828 0.00507393 0.0057086 0.00621338 0.00661399 0.00693208 0.00718541 0.0073882 0.00755164 0.00768439 0.00779308 0.00788274 0.00795719 0.00801932 0.00807133 0.00811492 0.00815141
0.00725899 0.00701979 0.00681192 0.00667027 0.00652295 0.00637001 0.00621679 0.00606377 0.00590498 0.00572943 0.00552445 0.00527861 0.00498186 0.00462457 0.00419868 0.00369919 0.00312183 0.00244158 0.00148333 0.00356163 0.00243838 0.00351004 0.00389866 0.00411853 0.00431533 0.00679317 0.00279904 0.0091301 0.0073703 0.00245594 0.00246687 0.00556483 0.00783551 0.0034754 0.00420142 0.00883551 0.0060626 0.00243855 0.00287723 0.00388513 0.00475279 0.00542949 0.0059498 0.00635076 0.00666203 0.00690602 0.00709936 0.00725435 0.00738002 0.00748301 0.00756822 0.00763926 0.0076988 0.00774887 0.00779099 0.00782636 0.00785596
