depth-data/MillBrook/outs/Millbrock2_10m_WDraster_7200.asc
ncols 		200
nrows 		200
xllcorner 	241000
yllcorner 	51000
cellsize 	10
NODATA_value 		-9999
[rows 0 to 25 of 200, columns 57 to 113 of 200]
0.000593821 0.000593825 0.000593827 0.000593827 0.000593827 0.000593827 0.000593827 0.000593827 0.000593827 0.00110817 0.0354141 0.0593474 0.00426808 0.00402549 0.00376028 0.00346484 0.00313454 0.00277086 0.00238337 0.00198754 0.00159357 0.00117975 0.000622603 0.00125661 0.00170233 0.00205446 0.00235028 0.00262043 0.00287952 0.00313002 0.00336767 0.00358347 0.00376745 0.00391419 0.0430511 0.042594 0.00538535 0.00533788 0.00480907 0.00063265 0.000692551 0.000815165 0.00103998 0.00143449 0.00211227 0.00171784 0.00174028 0.00138415 0.00114505 0.00186451 0.00129415 0.000964183 0.000777268 0.000676284 0.000627097 0.000606105 0.000598094
0.00127274 0.00127344 0.0012738 0.00127399 0.00127409 0.00127413 0.00127416 0.00127417 0.00127418 0.000956818 0.0485868 0.0490441 0.00414386 0.00391925 0.00367713 0.00340592 0.00309401 0.00273465 0.00233147 0.00190357 0.00148481 0.00109839 0.000654575 0.00122888 0.00162304 0.00192666 0.00218952 0.0024506 0.00271324 0.00296857 0.00320542 0.00340964 0.00356973 0.00368426 0.00373353 0.0583297 0.0050559 0.00546819 0.00633927 0.00783671 0.0068408 0.0058417 0.0048139 0.00367491 0.00203358 0.00113488 0.00159323 0.00108144 0.00160279 0.00197395 0.00349175 0.00282335 0.00233272 0.00197993 0.00173209 0.00156264 0.00145017
0.00180746 0.0018089 0.00180981 0.00181036 0.00181068 0.00181086 0.00181097 0.00181102 0.197474 0.278296 0.0667379 0.00421019 0.00400113 0.00379072 0.00357236 0.00333284 0.00305405 0.00271758 0.0023119 0.00184243 0.00134839 0.000931314 0.000715724 0.00116445 0.00149554 0.00174702 0.00199033 0.00226789 0.00254914 0.00281247 0.00304406 0.00322617 0.00334903 0.00342097 0.00340175 0.0578915 0.0041645 0.00388914 0.00360771 0.00331915 0.00302623 0.00273908 0.00248076 0.00229578 0.00224007 0.197329 0.00155106 0.00148981 0.00156418 0.00185711 0.00213452 0.00425756 0.00365858 0.00317031 0.00278531 0.00249058 0.0022714
0.0022941 0.00229417 0.00229466 0.00229518 0.00229561 0.00229591 0.00229611 0.572822 0.0475924 0.0480661 0.00426192 0.00405156 0.00384207 0.00363734 0.00343653 0.00322975 0.00299638 0.00270749 0.0023319 0.00184361 0.0012306 0.00048797 0.000830464 0.00101152 0.00130218 0.00150504 0.00176324 0.00209797 0.00240331 0.00266605 0.00287991 0.00302236 0.00309038 0.00311089 0.00298754 0.0575109 0.00404759 0.0037717 0.0034897 0.00319657 0.00288796 0.00256182 0.0022185 0.00185513 0.00144517 0.000858983 0.00105892 0.0240889 0.00109368 0.0016653 0.00194618 0.00187331 0.00313884 0.00336143 0.00329594 0.00313396 0.00295255
0.0027633 0.00275628 0.00275303 0.00275169 0.00275125 0.00275119 0.3535 0.63855 0.525323 0.00430767 0.00410278 0.0038898 0.00367378 0.0034632 0.00326583 0.00308155 0.00289521 0.0026742 0.00237173 0.00193033 0.0012771 0.000334527 0.00048797 0.000548223 0.00105006 0.00119144 0.00154118 0.00197995 0.00228219 0.00252157 0.00270032 0.00277866 0.00277132 0.00273906 0.00243068 0.0571482 0.00392896 0.00365265 0.00337384 0.0030862 0.0027823 0.00245688 0.00211188 0.00176117 0.00142574 0.00109902 0.000655118 0.00122953 0.0015151 0.00166832 0.00174869 0.00122685 0.00401793 0.00390706 0.00381729 0.0036965 0.00355104
0.00323649 0.00321337 0.00320019 0.00319298 0.0636619 0.222451 0.639695 0.00451597 0.00433012 0.00414107 0.0039424 0.00373035 0.0035067 0.00328066 0.00306767 0.00288239 0.00272607 0.00257506 0.00237781 0.00205036 0.00139399 0.00127719 0.00123104 0.00122307 0.000919461 0.000753939 0.00139448 0.00195028 0.00216106 0.00235592 0.00248557 0.00246396 0.00235934 0.00229342 0.00152614 0.0568053 0.00380815 0.00352801 0.00325049 0.00296941 0.00267403 0.00235084 0.00198977 0.0015975 0.00121832 0.000931545 0.000715839 0.00116463 0.00128159 0.00131145 0.00131171 0.00231937 0.00155914 0.00321862 0.00373428 0.00391448 0.00393619
0.00373007 0.0619848 0.0623126 0.514515 0.797343 0.00473009 0.00452271 0.00432886 0.00414499 0.00396415 0.00377693 0.00357392 0.00334971 0.00310765 0.00286367 0.00264523 0.00247929 0.00237026 0.00228737 0.00218096 0.00206097 0.00499368 0.00389248 0.0031259 0.00254683 0.00212294 0.00143078 0.00200877 0.00195296 0.00214392 0.00221564 0.00202172 0.00180008 0.0017777 0.0561013 0.0564853 0.00368799 0.00339897 0.00311787 0.00284201 0.00256155 0.00225669 0.0018984 0.00145826 0.000940722 0.00048797 0.000830464 0.00101152 0.000812404 0.00070367 0.000645951 0.000616814 0.00234439 0.00303258 0.00360751 0.00396318 0.00414597
0.0709685 0.0616392 0.00325887 0.00438006 0.00787926 0.004563 0.00434022 0.00413485 0.0039467 0.003771 0.00359785 0.00341331 0.00320306 0.0029585 0.00268469 0.00240809 0.00217599 0.00203222 0.00197064 0.00187245 0.00318879 0.00409239 0.00766174 0.00609041 0.00489825 0.00399968 0.00323796 0.0020885 0.00140846 0.00192017 0.00186969 0.00127474 0.000935502 0.00126488 0.69393 0.00388144 0.00357288 0.00326947 0.00297616 0.0026967 0.00242925 0.0021581 0.00184261 0.00140736 0.0007268 0.000334527 0.00048797 0.000548223 0.000999507 0.00115086 0.00121573 0.00124513 0.000938411 0.00250106 0.00331834 0.0038568 0.00420004
0.0443412 0.00814175 0.00518908 0.00492401 0.00466191 0.00440688 0.00416424 0.00393966 0.00373744 0.00355794 0.00339484 0.00323373 0.00305353 0.00283166 0.0025535 0.00222611 0.00189424 0.00164655 0.00162296 0.00286988 0.00375858 0.00449558 0.00513638 0.00581026 0.00555105 0.00502523 0.00442346 0.00367705 0.0030137 0.0019542 0.00133049 0.00152973 0.00150689 0.00107508 0.202177 0.0037886 0.00346782 0.00314711 0.00283264 0.00253334 0.00226019 0.0020183 0.00178243 0.00144204 0.00034268 0.0007268 0.000940722 0.00107214 0.00130987 0.00149328 0.00161525 0.00169223 0.00162674 0.00361014 0.0036699 0.00396294 0.00427817
0.00680027 0.00991712 0.00508225 0.00481021 0.00453716 0.00426616 0.00400227 0.0037526 0.0035254 0.00332768 0.00316124 0.00301787 0.0028762 0.00270317 0.00246169 0.00212591 0.00170095 0.00116971 0.00244672 0.00337181 0.00413549 0.00479341 0.00537463 0.00577133 0.00583525 0.00562124 0.00523897 0.00471512 0.00415378 0.00346323 0.00285192 0.00250448 0.00228317 0.00201522 0.055184 0.00370462 0.00337553 0.00304004 0.00270177 0.00236773 0.00205414 0.00179564 0.00164295 0.00161384 0.00162733 0.00152234 0.00152357 0.00157327 0.00169705 0.00184195 0.00197113 0.00207243 0.00209835 0.00142957 0.00302958 0.0037327 0.00421118
0.00832925 0.00525169 0.00498014 0.00470462 0.00442499 0.0041424 0.00386014 0.00358434 0.00332444 0.00309254 0.00290059 0.00275405 0.00264281 0.00253381 0.0023716 0.00209523 0.0017161 0.0016716 0.00290056 0.00374954 0.00444051 0.00503678 0.00556725 0.0100153 0.0131363 0.0103683 0.00843961 0.00704317 0.00598188 0.00508904 0.00432951 0.00374047 0.00330201 0.0670696 0.0548547 0.00362605 0.00329392 0.00295071 0.00259685 0.00223093 0.00185124 0.00146751 0.00114125 0.00104087 0.00188547 0.00385974 0.0031758 0.00273994 0.00250799 0.00242701 0.00243616 0.0024856 0.00252347 0.00774006 0.00613186 0.00528632 0.00497303
0.0101808 0.00515157 0.00487948 0.00460327 0.00432146 0.00403321 0.00373915 0.00344246 0.00315009 0.00287412 0.00263235 0.0024462 0.00233115 0.00227681 0.00222206 0.00202373 0.00127105 0.00252702 0.00339594 0.00409751 0.00469962 0.00523454 0.00571902 0.00616204 0.00656862 0.0138815 0.011693 0.00985514 0.00835084 0.00711194 0.00608392 0.00524588 0.00457834 0.180544 0.0038668 0.00354818 0.00321679 0.00287208 0.00251538 0.0021442 0.00174494 0.00128099 0.000634564 0.00143396 0.00207219 0.00264197 0.00541114 0.00451311 0.00387065 0.00344718 0.00320064 0.00964958 0.0113294 0.00694092 0.0100289 0.00824464 0.00701744
0.00806995 0.00505016 0.0047776 0.00450202 0.00422118 0.00393271 0.00363478 0.00332705 0.00301187 0.00269593 0.00239262 0.00212652 0.00193937 0.00188507 0.00198801 0.00219415 0.00184329 0.00298326 0.00373798 0.00435341 0.00489402 0.00538359 0.00583211 0.00624421 0.00662248 0.00696883 0.00983045 0.0100001 0.00937717 0.0084956 0.00756866 0.00669535 0.0531169 0.0535311 0.00378273 0.00346758 0.00313864 0.00279309 0.00243481 0.00206873 0.00169161 0.00127396 0.000688524 0.00152416 0.0021688 0.00273066 0.00323633 0.00678884 0.0088716 0.0105622 0.0115206 0.00861128 0.00530911 0.00636801 0.00396559 0.00670386 0.00703995
0.0052216 0.00494728 0.00467312 0.00439779 0.004119 0.00383365 0.00353824 0.00322964 0.00290615 0.00256841 0.00221958 0.00186493 0.00151651 0.00122548 0.0011538 0.00210042 0.0028158 0.0034445 0.00401868 0.00454925 0.00504067 0.0054951 0.00591394 0.00629842 0.00664991 0.00697006 0.0137968 0.012227 0.0110662 0.0100356 0.00906073 0.00814143 0.633405 0.00413908 0.00369358 0.0033826 0.00305881 0.0027125 0.00234606 0.00197031 0.00159926 0.00123761 0.000796087 0.0016457 0.00227676 0.00281724 0.00330049 0.00374169 0.00415004 0.00453254 0.00286733 0.0018767 0.00423135 0.00560782 0.00505619 0.0146705 0.0189113
0.00512291 0.00484393 0.00456623 0.00428934 0.00401158 0.00372997 0.00344023 0.0031374 0.00281703 0.00247691 0.00211768 0.00173804 0.00131393 0.00071743 0.00163829 0.00237051 0.00302403 0.00362148 0.00417183 0.00467952 0.00514712 0.00557648 0.00596921 0.006327 0.00665173 0.00694567 0.00721335 0.0102481 0.0108229 0.0105936 0.0100178 0.0092928 0.051703 0.00417918 0.00359865 0.00329068 0.00297715 0.00263597 0.0022612 0.00186032 0.00145352 0.00111052 0.000996097 0.00179441 0.00238341 0.00289102 0.00334779 0.00376677 0.00415646 0.00452395 0.00468604 0.00384709 0.00425285 0.0115484 0.0150152 0.0122187 0.0103782
0.00502683 0.00474183 0.00445848 0.00417737 0.003898 0.00361835 0.00333438 0.00303994 0.00272761 0.00239148 0.00203239 0.00166337 0.00129972 0.00085988 0.00182245 0.0025581 0.0032005 0.00378017 0.00430888 0.00479227 0.00523372 0.0056357 0.00600043 0.00633018 0.00662746 0.00689513 0.00713656 0.0125006 0.0118514 0.0113972 0.0212726 0.0299993 0.0507726 0.00433552 0.00349899 0.00318699 0.00288837 0.00256374 0.00219311 0.00177162 0.00127655 0.000608644 0.00135242 0.00194396 0.00246823 0.00294184 0.00337391 0.00377257 0.00414576 0.0045011 0.00741581 0.00978446 0.0119356 0.0100465 0.00857969 0.00784392 0.00760033
0.00493463 0.00464297 0.00435225 0.00406412 0.00377952 0.00349815 0.00321762 0.00293222 0.00263189 0.00230304 0.00193447 0.00153634 0.00119378 0.00112167 0.00205509 0.00276117 0.00337617 0.00392911 0.00443043 0.00488542 0.00529764 0.00567 0.00600524 0.00630617 0.0065759 0.00681795 0.00703638 0.0100562 0.0111539 0.0193489 0.0156968 0.0202642 0.0420621 0.00469368 0.00340116 0.00306686 0.00278192 0.00248523 0.00213833 0.00174164 0.00127542 0.000630944 0.00140112 0.00199677 0.00251095 0.0029669 0.00337928 0.00376007 0.00411954 0.00446642 0.00480795 0.00514998 0.00549698 0.00585208 0.00621707 0.00659232 0.00697674
0.00484699 0.004549 0.00425015 0.00395285 0.00365923 0.00337094 0.00308851 0.00280969 0.00252617 0.00221915 0.00185523 0.00138138 0.000672683 0.00158119 0.00231123 0.00295766 0.00353771 0.00406001 0.00453068 0.0049545 0.00533535 0.00567663 0.00598159 0.00625361 0.00649642 0.00671425 0.00691192 0.00709489 0.0147483 0.0118792 0.010118 0.0236294 0.0373508 0.00536689 0.00332205 0.0029309 0.00264653 0.00238309 0.00206076 0.00168922 0.00126517 0.000679721 0.0014705 0.00205647 0.00254778 0.0029779 0.00336733 0.00373096 0.00408005 0.00442328 0.00476727 0.00511689 0.00547551 0.00584505 0.00622602 0.00661744 0.00701676
0.00476369 0.00446073 0.00415424 0.00384704 0.00354178 0.00324118 0.0029484 0.00266659 0.00239612 0.00212731 0.00182863 0.00143167 0.000772751 0.00174743 0.00249015 0.00312314 0.00367724 0.00416822 0.00460571 0.00499611 0.00534406 0.00565346 0.00592806 0.00617182 0.00638912 0.00658496 0.00676501 0.00693557 0.0071034 0.00727529 0.00745747 0.0311183 0.0294955 0.00648473 0.00329241 0.00279091 0.00247543 0.00225515 0.00195832 0.00160151 0.00122574 0.000777227 0.00156155 0.00211424 0.00256841 0.00296729 0.00333462 0.00368548 0.00403025 0.00437627 0.00472877 0.00509125 0.00546572 0.00585274 0.00625145 0.00665942 0.00707259
0.00468354 0.00437778 0.00406534 0.00374922 0.0034321 0.00311643 0.00280537 0.00250466 0.00222395 0.00197268 0.00174211 0.00146985 0.00096231 0.00196793 0.00268958 0.00328551 0.00379962 0.0042517 0.00465214 0.00500721 0.00532147 0.00559898 0.00584389 0.00606078 0.00625481 0.00643184 0.00659844 0.00676177 0.0069292 0.00710765 0.00730283 0.00752212 0.0400778 0.00819149 0.00335539 0.00267607 0.00225606 0.00209882 0.00183796 0.00146867 0.00110011 0.000959962 0.00166658 0.00215358 0.00256035 0.00292944 0.00328119 0.00362737 0.00397571 0.00433156 0.00469846 0.00507839 0.00547195 0.00587833 0.00629525 0.00671881 0.00714336
0.00460451 0.00429874 0.00398269 0.00365974 0.00333286 0.00300388 0.00267364 0.0023442 0.00202507 0.00174277 0.00154045 0.00142974 0.00130058 0.00223687 0.00288831 0.0034258 0.0038919 0.00430253 0.00466528 0.00498502 0.00526594 0.00551235 0.005729 0.00592127 0.00609522 0.00625767 0.00641613 0.00657857 0.00675268 0.00694496 0.0071599 0.00740646 0.0387139 0.010666 0.00355658 0.00264902 0.0019619 0.00190171 0.00172136 0.00131805 0.000637924 0.00128816 0.0017526 0.00214832 0.00251291 0.00286423 0.00321229 0.00356385 0.00392393 0.00429605 0.00468222 0.00508298 0.00549757 0.00592383 0.00635806 0.00679482 0.0072268
0.00452401 0.0042215 0.00390454 0.00357692 0.00324264 0.00290447 0.00256195 0.00221017 0.00184257 0.00146521 0.0011403 0.00104117 0.0018861 0.00251286 0.00305 0.00352441 0.00394512 0.00431679 0.00464323 0.00492843 0.00517686 0.00539353 0.00558412 0.00575493 0.00591306 0.00606636 0.00622326 0.00639232 0.00658104 0.00679469 0.0070356 0.00731708 0.0368166 0.0141544 0.00392121 0.00281871 0.00153546 0.00161201 0.00162498 0.00133676 0.000696614 0.00128585 0.0017017 0.00207127 0.00242735 0.00278101 0.00313831 0.00350424 0.00388276 0.00427615 0.00468502 0.00510855 0.00554467 0.00598992 0.00643917 0.00688527 0.00731922
0.00443883 0.00414354 0.00382902 0.00349881 0.00315801 0.00281225 0.00246467 0.0021105 0.00172971 0.00127771 0.00063345 0.00143547 0.00207373 0.00263517 0.00313332 0.00357326 0.00395903 0.00429501 0.00458598 0.00483714 0.00505413 0.00524308 0.0054107 0.00556436 0.00571221 0.00586315 0.0060264 0.00621069 0.00642241 0.00666451 0.00693626 0.00726151 0.0337591 0.0190075 0.00442571 0.00331501 0.000815993 0.00103499 0.0014236 0.00134267 0.000813249 0.00125568 0.00161056 0.00196786 0.00233044 0.00269698 0.0030709 0.0034571 0.00385882 0.00427693 0.00471045 0.00515719 0.00561392 0.00607591 0.00653645 0.00698656 0.00741541
0.00434498 0.00406164 0.00375427 0.0034248 0.00307777 0.00272101 0.00236458 0.00201538 0.00166492 0.00126906 0.00068748 0.00152752 0.0021702 0.00271646 0.0031872 0.00359268 0.00394081 0.00423874 0.00449314 0.00471059 0.00489789 0.0050622 0.00521123 0.0053534 0.00549799 0.00565484 0.0058336 0.00604248 0.00628537 0.00656162 0.00686676 0.00724813 0.0278552 0.0257244 0.00496299 0.00422863 0.00132632 0.0012624 0.000960187 0.00129177 0.00102883 0.00113462 0.00146213 0.00184719 0.00223442 0.0026214 0.00301709 0.00342829 0.00385705 0.00430206 0.00476065 0.00522955 0.00570459 0.00617972 0.00664641 0.00709363 0.00750863
0.00423761 0.00397115 0.00367713 0.00335472 0.00300518 0.00263429 0.00225499 0.00188767 0.0015507 0.00122931 0.000794742 0.00165021 0.002275 0.00278817 0.00321852 0.00358097 0.0038866 0.00414451 0.00436252 0.00454808 0.00470894 0.0048532 0.00498953 0.00512743 0.00527733 0.00544981 0.00565426 0.00589725 0.00617817 0.00649168 0.00682957 0.00728822 0.00881981 0.0350103 0.00525618 0.00543829 0.00573771 0.00151033 0.00125995 0.00102883 0.00141078 0.00063126 0.00127451 0.00174078 0.00215446 0.00256128 0.00298211 0.00342281 0.00388149 0.00435394 0.00483626 0.00532478 0.00581456 0.00629798 0.00676421 0.00719986 0.00759041
0.0041114 0.00386576 0.00359152 0.00328521 0.00294329 0.00256461 0.00215552 0.00173832 0.00136096 0.00109368 0.000991425 0.00179811 0.00237297 0.00283522 0.00321489 0.003529 0.00379045 0.00400913 0.00419305 0.00435033 0.00448963 0.00461999 0.00475105 0.00489353 0.00505894 0.00525805 0.00549877 0.00578458 0.00610752 0.00645764 0.00682399 0.00740044 0.00842263 0.0338951 0.00466739 0.00470901 0.00507478 0.00592154 0.00457142 0.00316243 0.00148577 0.000680144 0.00126295 0.00168785 0.00209236 0.00251698 0.00296983 0.00344536 0.00393522 0.00443334 0.00493622 0.00544057 0.0059405 0.00642607 0.00688353 0.00729694 0.00765037
