depth-data/MillBrook/outs/Millbrock2_10m_WLRaster_7200.asc
ncols 		200
nrows 		200
xllcorner 	241000
yllcorner 	51000
cellsize 	10
NODATA_value 		-9999
[rows 150 to 179 of 200, columns 67 to 133 of 200]
89.0433 88.8469 88.6087 88.4316 88.4066 88.5796 88.503 88.3225 88.2291 87.9952 87.7685 87.499 87.1643 86.8269 86.4119 85.9767 85.6315 85.1312 84.6958 84.3503 83.8922 82.9215 81.6557 80.1374 78.4989 76.748 75.2096 73.7162 71.6399 67.1852 63.4749 60.4046 56.4415 54.0807 53.9066 53.7211 55.5278 57.7869 59.8526 64.4772 69.3718 71.3318 73.7902 75.7483 77.2005 78.4301 79.5247 80.4918 81.3114 82.0035 82.7056 83.3377 83.8672 84.2317 84.3837 84.4933 84.5953 84.6726 84.7229 84.7711 84.9343 84.9881 84.9164 84.692 84.2875 83.778 82.9509
90.7988 90.5575 90.3647 90.3248 90.4194 90.5024 90.5585 90.3538 90.0502 89.8935 89.4739 89.0117 88.5718 88.1942 87.5591 87.0913 86.5785 86.0906 85.8926 85.4445 84.5988 83.5955 82.4445 81.061 79.2124 77.0514 75.3981 73.802 69.7774 65.7827 62.0652 59.7805 57.2613 56.162 55.6391 56.4083 56.7056 59.3971 62.1333 65.638 69.3948 71.5327 74.0566 76.0284 77.573 78.8026 79.9173 80.8169 81.5465 82.3261 83.1282 83.8652 84.3898 84.7468 84.8888 85.1033 85.2876 85.4094 85.4809 85.2818 85.6171 85.7381 85.6939 85.407 85.0075 84.433 84.2259
92.5069 92.2782 92.1386 92.1363 92.1635 92.1584 92.1297 92.0206 91.6211 91.1714 90.9491 90.4091 89.8716 89.3139 88.5336 87.9133 87.2728 87.1449 86.6393 85.9235 85.0002 83.9842 82.883 81.4393 79.4177 77.1618 75.4212 72.2143 68.5373 64.6852 61.8149 59.9727 59.0342 57.9549 57.8845 58.1872 58.4638 60.6938 63.2393 64.7034 69.0796 71.626 74.0574 76.2334 77.8931 79.2152 80.2573 81.0419 81.824 82.6711 83.5132 84.2853 84.8149 85.2044 85.4989 85.7484 86.0529 86.2347 86.4262 86.2158 86.4676 86.5232 86.409 86.0896 85.8476 85.3505 84.9734
94.2177 94.1014 94.0351 93.9236 93.8094 93.6951 93.5332 93.2386 92.8938 92.449 91.949 91.4864 90.9337 90.3584 89.373 88.5976 88.1371 87.6991 87.0908 86.2599 85.3263 84.2951 83.0307 81.4496 79.4076 77.1524 74.1996 70.8621 67.0624 64.0379 62.232 61.3771 60.7325 60.3228 60.6285 60.3046 61.1662 60.8341 64.3689 66.4798 66.9049 71.8313 74.0603 76.4284 78.2781 79.6477 80.6099 81.3945 82.1741 83.0012 83.8608 84.6329 85.27 85.732 86.1216 86.4286 86.8205 87.1324 87.3193 87.4359 87.2682 87.2933 87.0516 86.9722 86.6976 86.198 85.741
95.8909 95.8322 95.7258 95.5717 95.3649 95.0905 94.7559 94.3712 93.9313 93.4238 93.0362 92.171 91.5207 90.8203 90.1374 89.3668 88.7263 88.1231 87.4297 86.5384 85.5622 84.3379 82.8832 81.3279 79.1254 76.4978 73.5552 69.4976 66.2588 64.7551 63.7483 63.1073 63.2324 63.7143 65.0638 65.4558 64.2341 63.4 65.0297 67.0385 68.8228 71.6324 74.363 76.7709 78.7382 80.1278 81.0324 81.782 82.5716 83.4612 84.3233 85.1354 85.8175 86.2896 86.7866 87.2187 87.6682 88.0601 88.177 88.2661 87.9751 88.3361 88.0817 87.8297 87.5851 87.1655 86.651
97.3543 97.2455 97.134 96.9472 96.6703 96.3007 95.8685 95.4412 94.9762 94.421 93.7858 93.353 92.5326 91.7571 90.7891 90.016 89.2754 88.532 87.7283 86.8011 85.6073 84.1453 82.4932 80.4857 77.9882 74.8957 72.6806 68.3664 66.6034 66.2411 65.3137 65.1892 65.7 67.4318 68.7087 68.8485 67.6668 66.51 65.0307 67.9281 69.8109 70.4458 74.8746 77.2534 79.2933 80.5479 81.48 82.2596 83.0842 84.0188 84.9309 85.7405 86.3651 86.9296 87.4892 88.0763 88.4908 88.8977 89.0247 89.1016 89.2165 89.059 88.8793 88.7522 88.4526 88.0055 87.496
98.7427 98.5387 98.3321 98.1427 97.7856 97.3534 96.8935 96.4135 95.9334 95.2356 94.6053 94.0023 93.1243 92.2113 91.5457 90.5376 89.7119 88.8957 87.946 86.6962 85.2733 83.5282 81.3934 79.3059 75.8085 73.4285 70.602 69.0635 67.9727 67.6007 67.1584 67.0938 68.8476 70.9719 72.2334 71.8014 71.0095 70.3927 68.5444 69.3465 70.7622 72.2555 75.6426 77.9083 79.8183 81.0355 82.0076 82.8247 83.6843 84.6739 85.5609 86.348 87.0101 87.6522 88.3293 88.9063 89.2384 89.6128 89.8322 90.0063 89.9497 89.981 89.8716 89.6246 89.25 88.8655 88.341
99.9886 99.7994 99.525 99.2754 98.8332 98.3083 97.8633 97.3782 96.6554 95.9826 95.3046 94.5465 93.706 92.7803 91.8672 91.059 90.1482 89.1836 87.8437 86.3264 84.4938 82.3512 79.5362 76.5737 74.1363 71.7661 70.7991 70.1272 69.6841 69.3875 69.3231 70.6158 72.0779 73.9372 74.8737 74.6815 73.9321 73.1529 71.5238 69.8676 71.7621 73.5432 75.2864 78.4679 80.3283 81.6656 82.5976 83.4147 84.3293 85.3389 86.2785 87.0456 87.7077 88.4422 89.1118 89.5914 89.971 90.268 90.565 90.7793 90.8809 90.8488 90.7342 90.4995 90.1125 89.7281 89.1837
101.082 100.89 100.653 100.268 99.7532 99.2432 98.763 98.1127 97.3823 96.5643 95.8538 95.1081 94.2725 93.3668 92.3836 91.4029 90.3544 89.1442 87.5741 85.5267 83.3766 80.264 77.4665 75.299 73.3646 72.7532 72.1492 71.6825 71.5556 71.9415 72.6561 74.1358 75.568 76.6001 77.1543 77.2887 77.0823 75.9807 74.1967 72.2493 72.7862 74.2679 75.5831 79.0146 80.8383 82.2856 83.2827 84.1223 85.0719 86.0815 87.0411 87.8057 88.4877 89.2048 89.8169 90.3189 90.626 90.9481 91.2151 91.522 91.7012 91.6863 91.584 91.3544 90.9825 90.5357 89.9964
102.057 101.83 101.538 101.138 100.658 100.07 99.3751 98.7896 97.9316 97.1535 96.3628 95.6221 94.7664 93.8307 92.8525 91.7741 90.4901 88.8662 86.7065 84.5318 81.4368 78.9194 77.0693 75.0623 74.3766 74.024 73.7192 73.6753 73.6851 74.7416 76.1735 77.7058 78.7231 79.3103 79.4394 79.3318 79.2951 78.6386 76.7071 74.4455 72.9106 75.0285 76.9378 79.0901 81.3832 82.9157 84.0253 84.9999 85.922 86.8966 87.8137 88.5383 89.2153 89.8949 90.5294 91.0415 91.406 91.6706 91.9027 92.2097 92.4517 92.5108 92.4388 92.1994 91.8076 91.3959 90.8791
102.892 102.648 102.268 101.873 101.418 100.672 100.032 99.2539 98.4857 97.6175 96.8767 96.076 95.1777 94.227 93.2137 91.9523 90.3451 88.4884 86.1064 82.6667 80.5194 78.6771 76.1827 76.1468 75.7853 75.6185 75.6184 75.9766 76.8806 78.2668 79.5734 80.6905 81.2731 81.5157 81.588 81.6037 81.4304 80.9716 79.0552 76.556 74.418 76.0121 77.6093 78.5474 82.0729 83.7008 84.9554 85.9175 86.7821 87.6767 88.4738 89.2009 89.8929 90.6024 91.3145 91.804 92.146 92.4006 92.6377 92.9498 93.2118 93.3486 93.2962 93.067 92.6854 92.2686 91.8194
103.67 103.373 102.958 102.363 101.847 101.207 100.354 99.6104 98.8421 98.0763 97.273 96.3747 95.5238 94.5681 93.3095 91.8324 89.7127 87.0282 84.3837 81.8767 79.8951 78.4455 78.0541 77.82 77.384 77.3359 77.9801 78.8872 80.3488 81.6023 82.6309 83.2276 83.4301 83.4705 83.6762 83.7993 83.6861 82.9923 81.2782 78.7264 76.8545 76.5946 78.315 79.9808 82.8972 84.6084 85.848 86.7526 87.5722 88.3643 89.1839 89.941 90.6205 91.3576 92.0496 92.5616 92.9311 93.1631 93.3477 93.6423 93.9795 94.1565 94.1657 93.9397 93.6082 93.2339 92.7772
104.337 103.985 103.445 102.952 102.334 101.541 100.748 99.9117 99.1533 98.3675 97.464 96.6033 95.6571 94.5839 93.1894 91.1373 88.5827 85.8981 83.8621 81.8827 79.4621 79.4593 79.8773 79.6353 79.8187 80.2346 80.8353 82.0352 83.3522 84.488 85.0637 85.2722 85.4317 85.6087 85.6021 85.6852 85.5669 84.7804 83.6037 80.9968 78.7047 77.9914 79.2214 81.0591 83.2152 85.3534 86.5657 87.4927 88.3323 89.1268 89.9865 90.7686 91.4806 92.2502 92.8022 93.3767 93.7286 93.9281 94.1576 94.3773 94.702 94.9266 94.9384 94.7252 94.4461 94.1117 93.7426
104.882 104.36 103.91 103.349 102.691 101.947 101.101 100.228 99.3793 98.4835 97.5697 96.609 95.582 94.3119 92.4771 90.0974 87.4202 85.2106 83.8623 82.5321 81.4676 81.6761 81.6811 81.8615 82.5022 83.4984 84.3177 85.1703 86.1757 86.8216 87.0219 87.2297 87.3667 87.4993 87.4282 87.3018 87.1153 86.406 85.2116 82.8345 80.3573 79.6205 80.2978 81.9738 83.1253 86.0384 87.2758 88.2778 89.1424 89.9244 90.7515 91.5436 92.3182 92.9953 93.5899 94.1068 94.4787 94.7481 94.9226 95.1597 95.3844 95.6191 95.6487 95.5383 95.299 94.9469 94.4955
105.22 104.774 104.224 103.573 102.905 102.166 101.355 100.49 99.4676 98.5292 97.4647 96.522 95.2822 93.6547 91.4949 88.9825 86.7353 85.0969 84.147 83.5707 83.3662 83.6231 84.1103 85.0075 86.0748 87.072 87.0723 87.832 88.5593 88.8654 88.8929 88.9872 89.1563 89.1427 89.0789 88.7749 88.4382 87.7914 86.4844 84.4672 81.9748 80.9196 80.9449 82.6367 83.651 86.8056 88.126 89.1379 89.95 90.7345 91.4766 92.2862 93.0758 93.788 94.425 94.892 95.2914 95.4857 95.6476 95.837 96.0717 96.2966 96.3243 96.2542 95.4917 95.1119 95.1061
105.527 105.009 104.421 103.724 103.065 102.273 101.4 100.433 99.4718 98.4644 97.4372 96.3098 94.8524 92.935 90.5351 88.3003 86.6363 85.439 84.517 84.8462 85.2233 85.9055 86.8126 87.9048 88.9444 89.7316 90.164 90.4789 90.3378 90.3969 90.6245 90.7351 90.7618 90.6933 90.5295 90.1729 89.7736 89.0717 87.742 85.8471 83.4197 82.0818 81.4171 83.3596 84.9436 87.5999 88.9712 90.0206 90.8051 91.5521 92.3216 93.0712 93.8984 94.623 95.1752 95.6373 96.0367 96.2235 96.3177 96.4844 96.7163 96.8182 96.4977 96.4453 96.6439 96.5293 96.2471
105.821 105.166 104.552 103.849 103.09 102.258 101.365 100.378 99.3427 98.34 97.2151 95.9001 94.2227 92.0903 89.8779 88.2504 87.0235 85.774 86.2814 86.7736 87.5408 88.5404 89.665 90.7872 91.6793 92.2689 92.4734 92.3921 92.1309 91.811 92.0067 92.3028 92.2953 92.194 91.9226 91.5309 91.0015 90.2669 89.0945 87.282 84.8444 83.2681 82.1608 84.0926 86.1694 88.4205 89.8764 90.9232 91.7653 92.5072 93.2992 94.0587 94.7784 95.4781 95.8603 96.23 96.5845 96.6513 96.7179 97.257 97.6938 97.8934 97.6959 97.7295 97.1637 97.1969 97.1169
106.066 105.379 104.658 103.843 103.022 102.196 101.259 100.221 99.1983 98.1107 96.8831 95.3855 93.5331 91.3806 89.5844 88.375 87.3323 87.5492 88.0789 89.0236 90.1232 91.3729 92.465 93.3171 93.9192 94.2488 94.3313 94.1775 93.8115 93.4952 93.2322 93.7319 93.7775 93.5895 93.2257 92.8438 92.2042 91.4444 90.2643 88.6441 86.189 84.523 84.3292 85.1955 87.2968 88.0989 90.7843 91.8534 92.7854 93.6324 94.4469 95.2113 95.6633 95.988 96.1653 96.6726 97.3198 97.9167 98.2233 98.3421 98.4462 98.4712 98.4147 98.3355 98.1912 97.5746 97.699
106.235 105.52 104.658 103.83 102.997 102.136 101.14 100.072 98.9592 97.7389 96.4212 94.781 92.806 90.9448 89.659 88.7375 88.5706 89.2917 90.2214 91.3835 92.7432 93.9878 94.8675 95.4396 95.794 95.9358 95.8969 95.723 95.4447 95.1334 95.0427 95.1229 95.2089 94.8855 94.4864 93.9816 93.3068 92.4442 91.2514 89.611 87.2485 85.7642 84.4495 86.6211 88.4361 89.3317 91.6198 92.851 93.8406 94.7552 95.3871 95.8239 95.9108 97.0304 97.6827 98.0051 98.2375 98.6471 99.0588 99.2274 99.2907 99.2692 99.1575 99.0733 98.9239 98.3045 98.2914
106.324 105.513 104.642 103.816 102.997 102.04 101.013 99.8767 98.6508 97.2902 95.7647 94.0693 92.3741 90.9457 89.9642 89.2423 90.312 91.4367 92.5889 93.9185 95.2331 96.1403 96.7649 97.1446 97.3266 97.4184 97.3647 97.1734 96.9707 96.764 96.6265 96.5613 96.4963 96.104 95.5768 94.8765 94.2067 93.3088 92.1757 90.5652 88.1782 86.7498 85.4066 87.7582 89.5327 91.5981 91.7482 93.771 94.6108 95.2754 95.6274 96.8667 97.6784 98.2252 98.6824 98.9599 99.11 99.3775 99.717 99.9605 99.9984 99.9745 99.8903 99.8161 99.6342 99.4446 99.0575
106.352 105.478 104.65 103.862 102.987 101.993 100.898 99.6342 98.2854 96.7443 95.1285 93.5654 92.1175 90.9509 90.0964 90.9997 92.2969 93.6166 94.9413 96.196 97.1831 97.9002 98.3699 98.6045 98.6943 98.7238 98.6776 98.5615 98.437 98.3344 98.1512 98.0583 97.4134 97.1988 96.4718 95.7109 94.9765 94.1331 93.2121 91.5843 89.2659 87.6101 87.364 88.7034 90.5293 92.4857 92.0546 94.1584 95.0108 95.4756 97.0477 97.8721 98.6537 99.2077 99.5745 99.8319 100.022 100.145 100.405 100.679 100.739 100.677 100.611 100.536 100.392 100.117 99.7724
106.306 105.455 104.68 103.899 102.987 101.967 100.761 99.358 97.8594 96.2609 94.645 93.1492 91.91 90.9939 91.1149 92.5521 93.9969 95.6141 96.8588 97.931 98.7306 99.3152 99.6922 99.9169 99.9193 99.9218 99.9231 99.9147 99.8187 99.6566 99.4475 99.0775 98.4332 97.4664 97.232 96.5018 95.5967 94.9941 94.1901 92.2309 89.8669 87.8035 88.1051 89.7345 91.4387 92.8426 93.4008 94.3032 95.4732 96.8581 97.8055 98.79 99.5067 100.011 100.434 100.736 100.939 101.047 101.149 101.347 101.437 101.402 101.316 101.234 101.104 100.867 100.545
106.308 105.516 104.722 103.899 102.99 101.892 100.548 99.0206 97.4577 95.817 94.1137 92.8335 91.9066 91.8246 93.2524 95.0146 96.3118 97.529 98.5237 99.266 99.9682 100.54 100.845 101.002 101.081 101.108 101.082 101.028 100.941 101.112 101.385 100.185 99.4659 98.0593 97.3347 96.2079 95.7081 94.9416 93.7235 92.2812 90.7862 89.3554 89.2015 90.1675 91.5258 92.7123 93.8955 95.5829 95.8554 97.2405 98.6156 99.6805 100.37 100.924 101.334 101.643 101.842 101.913 101.909 102.001 102.1 102.103 102.039 101.877 101.807 101.595 101.27
106.361 105.576 104.728 103.885 102.934 101.728 100.224 98.6927 97.1903 95.4176 93.8869 92.9275 93.1854 94.6326 95.4473 96.422 97.6092 98.7739 99.9336 100.688 101.121 101.628 101.927 102.052 102.118 102.044 101.941 101.756 101.704 101.733 101.306 100.539 99.7692 98.6322 97.6923 96.8512 95.7489 94.6606 93.7203 91.9262 90.8589 90.3815 90.2209 90.2938 91.5935 94.5831 95.5028 96.3451 97.79 98.2676 98.9003 100.201 101.298 101.795 102.173 102.469 102.7 102.768 102.715 102.703 102.75 102.729 102.622 102.514 102.374 102.249 101.967
106.406 105.611 104.746 103.786 102.651 101.352 99.8887 98.4421 96.9026 95.1877 94.1678 94.3581 95.5879 96.2576 97.3248 98.4195 99.5441 100.559 101.446 102.246 102.586 102.686 103.03 103.142 103.066 102.758 102.353 102.266 102.116 102.114 101.65 101.149 100.057 100.047 98.2871 97.0119 95.6247 94.4721 93.3085 92.0425 90.7868 90.3819 90.404 91.4313 93.4284 95.2006 96.0852 96.9874 98.6546 99.5045 100.452 100.783 101.766 102.551 102.981 103.272 103.498 103.564 103.485 103.37 103.375 103.349 103.229 103.119 102.974 102.869 102.621
106.467 105.59 104.624 103.479 102.204 100.845 99.4757 98.0816 96.4473 95.2677 94.9061 96.3955 97.2253 98.2975 99.3848 100.477 101.487 102.354 102.973 103.445 103.8 103.843 104.085 105.23 102.713 102.668 102.598 102.716 102.738 102.52 102.421 102.039 100.707 100.278 99.6366 96.879 96.1132 95.0836 93.4693 92.4126 91.4801 90.8257 91.1265 92.0138 94.001 95.9606 96.7877 97.8773 99.5168 100.506 101.271 102.184 102.323 103.078 103.674 103.987 104.166 104.262 104.193 104.087 104.022 104.019 103.931 103.806 103.666 103.531 103.351
106.546 105.552 104.398 103.148 101.757 100.387 98.973 97.3912 96.2784 95.7491 96.158 97.8703 98.9152 100.145 101.252 102.309 103.179 103.811 104.231 104.568 104.899 104.894 105.682 105.532 104.967 104.98 104.161 104.363 104.062 103.768 103.529 102.942 100.882 100.423 100.04 97.2236 96.3219 95.5711 94.5396 93.3605 92.6475 92.6913 92.7689 93.2212 95.091 96.8482 97.9028 99.0324 100.619 101.611 102.528 103.157 103.672 103.178 104.273 104.713 104.907 104.983 104.973 104.858 104.82 104.839 104.805 104.738 104.62 104.545 104.34
106.554 105.508 104.221 102.813 101.488 100.052 98.5235 97.266 96.8267 97.0179 98.2553 99.4452 100.628 101.91 102.955 103.847 104.502 104.981 105.318 105.556 105.815 105.997 106.232 105.826 105.632 105.541 105.459 105.2 104.938 104.649 104.099 103.552 101.713 100.5 99.8773 97.5382 96.7899 96.1348 95.6877 95.2436 94.9248 94.9181 95.0837 95.3761 96.4959 97.5582 99.0679 100.868 101.885 102.877 103.674 104.225 104.708 104.591 105.011 105.546 105.751 105.9 105.958 105.882 105.929 105.98 105.978 105.963 105.957 105.915 105.72
106.555 105.497 104.073 102.725 101.478 100.117 98.6201 97.8037 98.3352 99.6726 100.34 101.295 102.545 103.695 104.602 105.279 105.742 106.071 106.361 106.598 106.735 106.912 106.901 106.425 106.724 106.561 106.302 106.092 105.781 105.351 104.764 103.985 102.9 100.958 100.616 98.671 97.2261 96.934 96.9002 96.7542 96.434 96.2966 96.401 96.941 97.7909 98.7581 100.35 101.948 103.112 104.102 104.874 105.406 105.838 106.117 106.118 106.596 106.883 107.096 107.3 107.402 107.512 107.594 107.611 107.7 107.801 107.786 107.627
106.377 105.43 103.989 102.796 101.662 100.364 99.2999 100.045 100.72 101.357 102.285 103.397 104.49 105.5 106.069 106.524 106.849 107.144 107.391 107.588 107.7 107.843 107.532 107.526 107.542 107.296 107.112 106.778 106.363 105.901 105.309 104.525 103.95 102.561 101.496 101.103 99.4735 98.1849 98.5183 98.3003 98.0639 98.1456 98.4282 98.8883 99.6907 100.571 101.975 102.773 104.077 105.122 105.969 106.596 107.141 107.459 107.047 107.819 108.246 108.561 108.903 109.155 109.439 109.554 109.651 109.78 109.899 109.918 109.83
