depth-data/MillBrook/outs/Millbrock2_10m_WDraster_7200.asc
ncols 		200
nrows 		200
xllcorner 	241000
yllcorner 	51000
cellsize 	10
NODATA_value 		-9999
[rows 26 to 51 of 200, columns 57 to 113 of 200]
0.00396173 0.00373862 0.00348849 0.00320694 0.00288677 0.00251835 0.00209296 0.00161099 0.00109373 0.000550492 0.00133827 0.00194461 0.00244001 0.00284102 0.00316523 0.00342998 0.00364911 0.00383187 0.00398574 0.00411981 0.00424398 0.00436818 0.00450304 0.00466064 0.00485329 0.00509077 0.00537774 0.00571291 0.00607715 0.00645872 0.00684581 0.00761936 0.00902634 0.0326298 0.00423041 0.00386739 0.00349436 0.00309807 0.00266373 0.0021716 0.00158514 0.000777188 0.00122055 0.00159991 0.00202055 0.00248802 0.00298706 0.00350113 0.0040197 0.00453885 0.00505768 0.00557339 0.00607804 0.00655817 0.00699643 0.0073745 0.00767593
0.00378588 0.00358446 0.00335884 0.0031063 0.00281977 0.00248496 0.002079 0.00157613 0.000978878 0.00048797 0.00138665 0.00199466 0.00244889 0.00279336 0.00306247 0.00328075 0.00346251 0.00361441 0.00374324 0.00386051 0.00397769 0.00410515 0.00425457 0.00443955 0.00467236 0.00495974 0.00530078 0.00568819 0.00608613 0.0064899 0.00688759 0.00800918 0.00993411 0.0312235 0.00419894 0.00383572 0.00347287 0.00309638 0.00269104 0.00223826 0.00170325 0.000958075 0.00108806 0.00146887 0.00195976 0.00249578 0.00304613 0.00359363 0.004133 0.00466647 0.00519642 0.00571899 0.00622203 0.00668706 0.00709288 0.00741967 0.00765194
0.0035835 0.00340148 0.00319689 0.00297057 0.00272051 0.00243528 0.00208263 0.00159107 0.000804915 0.000334527 0.00147302 0.00204405 0.00242205 0.00269214 0.00290383 0.00308166 0.00323361 0.00336016 0.00346911 0.00357782 0.00369836 0.00384022 0.00401662 0.0042428 0.00452907 0.00487598 0.00527491 0.00571262 0.00612711 0.00654235 0.00693969 0.00868189 0.0112293 0.0295144 0.004168 0.0037949 0.00343393 0.00307047 0.00268872 0.00227409 0.00181239 0.00128241 0.000596761 0.00132793 0.00195217 0.00256063 0.00315148 0.00371892 0.00426849 0.00481023 0.00534792 0.00587307 0.00636641 0.00680354 0.00716002 0.0074164 0.00756027
0.00335562 0.00319158 0.00300327 0.00279435 0.0025712 0.00233845 0.00208133 0.00170724 0.000548223 0.00048797 0.00162349 0.00206578 0.00232689 0.00251677 0.00268355 0.00283612 0.00296804 0.00307283 0.00316694 0.00327903 0.00341604 0.00358471 0.0038019 0.00408422 0.00443606 0.00484799 0.00530297 0.00578381 0.00618417 0.00660597 0.00699164 0.00981376 0.0129741 0.0272755 0.00414668 0.00375257 0.00338331 0.00302425 0.00265599 0.00225864 0.00181219 0.00129045 0.000602363 0.00137214 0.00203803 0.00268534 0.00329513 0.00386623 0.00441713 0.00496458 0.00550881 0.00603142 0.00650353 0.00689534 0.00718112 0.00734479 0.00737956
0.00310231 0.00295802 0.00278469 0.00258361 0.00236357 0.00214865 0.00198977 0.00197 0.00217251 0.00151383 0.00180486 0.00198782 0.00211799 0.00225452 0.00241015 0.00255708 0.00267362 0.00275361 0.00283974 0.00297553 0.00314392 0.00335122 0.00362423 0.00397795 0.00440389 0.00487982 0.00538246 0.00589483 0.00622904 0.00667592 0.00703257 0.0116507 0.015169 0.0240569 0.00414527 0.00371815 0.00332866 0.00296598 0.00260897 0.0022325 0.00180918 0.00130459 0.000617651 0.00144628 0.00216181 0.00284748 0.00346103 0.00402219 0.00457097 0.00512674 0.00567756 0.00618912 0.0066225 0.00694552 0.00713434 0.00718042 0.00708493
0.00282 0.00270059 0.00254909 0.00235922 0.00212539 0.00184411 0.00151319 0.00111825 0.000574418 0.00160842 0.00154549 0.0016617 0.00176154 0.00192476 0.00211528 0.00226252 0.0023522 0.00239499 0.0024919 0.00268785 0.0028971 0.00315159 0.00349785 0.00393714 0.00443881 0.00496943 0.00550535 0.00603508 0.00621269 0.00676877 0.00704576 0.014504 0.0176766 0.0187816 0.00417453 0.00370259 0.00327731 0.0028974 0.002544 0.00218907 0.00179777 0.00132621 0.000656165 0.0015634 0.00232997 0.00304693 0.00363716 0.0041749 0.00472624 0.0052983 0.00585372 0.00633822 0.00670671 0.00693064 0.00699148 0.00689383 0.00664769
0.00250044 0.00241007 0.00229165 0.0021368 0.00193579 0.00168072 0.00137268 0.00101152 0.000548223 0.00179005 0.000812404 0.00125622 0.00135206 0.00160879 0.00184425 0.00195513 0.00198525 0.0019743 0.0021407 0.00245297 0.00268476 0.00299384 0.00343772 0.00397237 0.0045406 0.00510793 0.00565888 0.00619205 0.00604385 0.00695899 0.00698202 0.0187585 0.020044 0.00477907 0.00424442 0.00371962 0.00324154 0.00282501 0.00245957 0.00211991 0.00176629 0.00135131 0.000743051 0.00173652 0.00254454 0.00327878 0.00380145 0.00431187 0.00488591 0.00548546 0.00603524 0.00646397 0.00673078 0.0068189 0.00671652 0.00644987 0.00603397
0.00213363 0.00206971 0.00198448 0.00186921 0.00170924 0.00148369 0.00118756 0.000830464 0.00048797 0.000830464 0.00101152 0.00111825 0.000870482 0.00136343 0.00160116 0.00158617 0.00151718 0.00144728 0.001848 0.00232176 0.00248845 0.0028841 0.00346247 0.00408923 0.00470037 0.00527982 0.00582729 0.0063535 0.00552449 0.00744825 0.00666049 0.024913 0.00539754 0.00491597 0.00436114 0.00378338 0.00323824 0.00276255 0.00236005 0.00201785 0.00169442 0.00135877 0.000916808 0.00197511 0.00280093 0.00353301 0.00391588 0.00442794 0.0050661 0.00569738 0.00621303 0.00653953 0.00665728 0.00656858 0.00626308 0.00580626 0.00519928
0.00171193 0.0016687 0.00161232 0.00153891 0.00143577 0.00125682 0.000971172 0.00048797 0.000334527 0.00048797 0.000548223 0.000574418 0.00103764 0.0012817 0.00133903 0.00099108 0.00079683 0.000693472 0.00175731 0.00232062 0.00221922 0.00284872 0.00359734 0.00428294 0.00489845 0.00546452 0.00599462 0.00651016 0.00404604 0.00864036 0.00532344 0.0235145 0.00549875 0.00507188 0.00452407 0.00390463 0.00328585 0.00273157 0.00226024 0.00188599 0.0015563 0.00127565 0.00123382 0.00227927 0.00308553 0.00379508 0.00391231 0.00454587 0.00530057 0.00593769 0.00636194 0.00651963 0.00643395 0.00612632 0.00556692 0.0049084 0.00406408
0.00121895 0.0011878 0.00114674 0.00110287 0.00108057 0.000990254 0.000794517 0.000978878 0.000804915 0.000548223 0.000877374 0.00104392 0.00131257 0.000979469 0.000796267 0.00117904 0.00127784 0.00229667 0.00199925 0.0023857 0.00159392 0.0029943 0.0038626 0.00452727 0.00510384 0.00564048 0.00614855 0.00665851 0.0115139 0.0111118 0.0209691 0.0222999 0.00555155 0.00522365 0.00472371 0.00408742 0.00339849 0.0027574 0.00218519 0.00175347 0.00136043 0.000753227 0.00178455 0.00262305 0.00337388 0.00404859 0.00365019 0.00476341 0.00563084 0.00618529 0.00642939 0.00633367 0.00599137 0.00542241 0.00451553 0.00366812 0.00234462
0.000574418 0.000548223 0.00048797 0.000334527 0.00048797 0.000548223 0.000990254 0.00126138 0.00206847 0.000574418 0.00104392 0.00131677 0.00157104 0.00157101 0.00151512 0.00161224 0.00170249 0.00119816 0.000907904 0.00231804 0.00221758 0.00356371 0.00422084 0.00476139 0.00528051 0.00579338 0.00628448 0.00680277 0.00860685 0.0103568 0.0173917 0.00551038 0.00551263 0.00533557 0.00494014 0.0043284 0.00358067 0.002862 0.00215497 0.00166635 0.00137219 0.000937534 0.0020418 0.0028981 0.00363774 0.00428178 0.00271465 0.005329 0.006054 0.00636495 0.00632651 0.00587685 0.0052394 0.00434739 0.0027516 0.00180155 0.0116183
0.00112379 0.00101856 0.000838631 0.00049588 0.000834876 0.00101281 0.00127631 0.00289923 0.00179348 0.000585832 0.00113923 0.0014927 0.00177938 0.00192067 0.00197201 0.00203969 0.00211284 0.00196276 0.00306039 0.00277537 0.00439344 0.00417292 0.00443872 0.00489934 0.0054109 0.00592725 0.00640636 0.00695518 0.00977135 0.0115373 0.0132562 0.00513641 0.00532545 0.00535473 0.00513978 0.00461926 0.00382491 0.0030652 0.0021674 0.00149175 0.00128722 0.00126814 0.00236736 0.00320048 0.00390205 0.00449523 0.00739239 0.00666612 0.00637357 0.00632455 0.00593086 0.00498172 0.00404835 0.00257425 0.00286488 0.0121361 0.0110428
0.00154893 0.00143676 0.00130162 0.00117089 0.00111939 0.000811705 0.00134209 0.0037646 0.0012646 0.00130273 0.00150419 0.0017549 0.00200904 0.00219966 0.0023198 0.0024122 0.00249222 0.00246853 0.00164553 0.00191084 0.00217572 0.00350774 0.00432238 0.00497062 0.00553629 0.00606539 0.00651825 0.00713538 0.0115974 0.0127566 0.00416513 0.00454107 0.00491734 0.00520161 0.00526504 0.00495183 0.00410608 0.0033984 0.00230424 0.0012144 0.000721875 0.00183792 0.00273734 0.00350435 0.00414567 0.00467097 0.00509473 0.00541664 0.00568778 0.00591624 0.00510813 0.0032084 0.0020758 0.0100439 0.0148847 0.0114948 0.00945442
0.00176324 0.00148873 0.000973702 0.00220588 0.0008783 0.00113906 0.00150587 0.0044934 0.000983537 0.00146212 0.00175866 0.00201059 0.002249 0.0024546 0.00261295 0.00273574 0.00283487 0.00287448 0.00257466 0.00170733 0.00199069 0.0041043 0.00465983 0.00520039 0.00570961 0.00621592 0.00660697 0.00737631 0.309167 0.00305983 0.00328742 0.00368209 0.00419568 0.00475154 0.005204 0.00533063 0.00435723 0.0038648 0.00265833 0.00113863 0.00087631 0.00212276 0.00304697 0.00377702 0.00434863 0.00479211 0.005135 0.00537694 0.00560268 0.00578844 0.00361679 0.00884642 0.0112069 0.00929351 0.0156524 0.00540809 0.00618709
0.00170209 0.00183857 0.00172377 0.00221569 0.00194746 0.00184894 0.0045192 0.003512 0.000838444 0.00150147 0.00190643 0.00220995 0.0024664 0.00268783 0.00287165 0.00302112 0.0031427 0.00322242 0.00312995 0.00275243 0.0018115 0.00508613 0.0048046 0.00534465 0.00583639 0.00634775 0.00663916 0.0077483 0.0121269 0.00232445 0.0023054 0.00253812 0.00303493 0.00379181 0.00467989 0.00581222 0.00444126 0.00442517 0.00321551 0.00087631 0.00115262 0.00249907 0.00339109 0.00403238 0.00449925 0.00484309 0.0051005 0.00526794 0.00547145 0.00561215 0.00862911 0.00732012 0.00655963 0.00624837 0.00621717 0.00631457 0.0064517
0.00119742 0.00179596 0.00199208 0.00233382 0.00237733 0.0023598 0.00577701 0.00226442 0.00196906 0.0020032 0.00220424 0.00244793 0.00268894 0.00291226 0.00310977 0.00327888 0.00342103 0.00352997 0.00354204 0.00338188 0.00734623 0.00656256 0.00408153 0.00549063 0.00594929 0.00648498 0.00657673 0.00839549 0.00910215 0.00187479 0.00146749 0.0011395 0.00102353 0.00181227 0.00236649 0.00657803 0.00406315 0.00502172 0.00407821 0.0041242 0.00163071 0.0029716 0.00373551 0.00422804 0.00456345 0.00480338 0.00498315 0.00522541 0.00530739 0.00537902 0.00544923 0.00516197 0.00524422 0.00552832 0.00582139 0.00605776 0.00623841
0.00090768 0.00167635 0.00207067 0.00242856 0.00262207 0.00271292 0.00474706 0.00395138 0.00335297 0.00298917 0.0035425 0.00248223 0.00281364 0.003083 0.00331069 0.00350472 0.00366946 0.00380386 0.00387698 0.00722168 0.00607878 0.00521168 0.0075117 0.00626888 0.00603402 0.00664444 0.00631378 0.00955756 0.00226923 0.00179047 0.00128189 0.000654049 0.0014006 0.00195896 0.00242457 0.004419 0.0019933 0.00546991 0.00362021 0.00333478 0.00244621 0.00350894 0.00400968 0.00430679 0.00450969 0.0046631 0.00478657 0.00488944 0.00497824 0.00506024 0.00514022 0.00443954 0.00495352 0.00544581 0.00575258 0.00593812 0.00606688
0.000757083 0.00156128 0.00206464 0.00247409 0.00276371 0.00295045 0.00416613 0.00425632 0.00403325 0.0037569 0.00385413 0.00346184 0.00336848 0.00344041 0.00358506 0.00375105 0.00391352 0.00405949 0.00637246 0.00495491 0.00407214 0.00361351 0.00342164 0.00410329 0.00540307 0.00686954 0.00557062 0.00677042 0.00226618 0.00177434 0.001267 0.00072607 0.00145999 0.00199009 0.00241849 0.00276965 0.00305848 0.00329759 0.00349825 0.0036702 0.0038217 0.00395956 0.0040886 0.00421107 0.00432667 0.00443335 0.00452873 0.00461254 0.00468878 0.00476568 0.00484557 0.0030541 0.00507067 0.00555338 0.00569611 0.00576695 0.00584112
0.000701341 0.00149874 0.00203983 0.00248556 0.0028391 0.00310257 0.00387812 0.00426717 0.00434585 0.00425826 0.00425771 0.00408186 0.00394578 0.00390531 0.00395128 0.00405362 0.00418343 0.00431914 0.00274295 0.00180582 0.00221298 0.00255872 0.00276761 0.00433765 0.00610824 0.00774224 0.00312018 0.00272652 0.00227222 0.00175574 0.00120574 0.000864533 0.00152489 0.00200337 0.00238118 0.00268146 0.00292299 0.00312137 0.00328921 0.00343636 0.00357051 0.00369755 0.00382053 0.00393913 0.00405043 0.00415048 0.00423649 0.00431038 0.00438073 0.00446052 0.00454577 0.00707789 0.0061356 0.00565382 0.00547761 0.0054765 0.00555641
0.00157135 0.00169569 0.00138689 0.00367626 0.00185993 0.00278087 0.00358238 0.00413717 0.00443516 0.00453887 0.00459206 0.00453787 0.00444752 0.00438166 0.00436866 0.00441021 0.00449341 0.00460089 0.00400429 0.00334105 0.00215856 0.00247377 0.00256546 0.00512566 0.00712857 0.00338149 0.00308218 0.0027249 0.00229573 0.00176274 0.00099697 0.00111722 0.00156527 0.00197921 0.00229847 0.00254237 0.00273645 0.00289816 0.00303976 0.00316958 0.00329389 0.00341701 0.0035392 0.00365658 0.0037634 0.00385451 0.00392824 0.00399155 0.00406036 0.00415263 0.00424619 0.00435694 0.00450793 0.00469868 0.004907 0.00510558 0.00527426
0.00184682 0.0016436 0.00100154 0.00294428 0.00267915 0.00293578 0.00347763 0.0040189 0.00442434 0.0046713 0.00482019 0.00486979 0.00485307 0.0071906 0.00277224 0.00390195 0.00440685 0.00696694 0.00255394 0.00318346 0.00293529 0.00235688 0.00222954 0.00640737 0.00343884 0.00326521 0.00300983 0.00270135 0.00233122 0.00188873 0.00135146 0.000625992 0.00148024 0.00190202 0.00215871 0.00234255 0.00249436 0.00262838 0.00275364 0.00287532 0.00299794 0.00312396 0.00324927 0.0033655 0.00346467 0.00354217 0.00359982 0.00365421 0.00373141 0.00385175 0.00394956 0.00408175 0.00427842 0.00451394 0.00474431 0.00493737 0.00507964
0.00259197 0.00381164 0.00176668 0.001918 0.00254358 0.00295132 0.00342588 0.00610449 0.00280245 0.00406429 0.0046499 0.00494817 0.0091406 0.00600911 0.00391525 0.00443768 0.00455537 0.00432306 0.00561399 0.00206416 0.00539773 0.000334527 0.00157504 0.00473268 0.00320076 0.00310305 0.00288982 0.00262545 0.0022986 0.00189607 0.00138852 0.000666879 0.0015887 0.00182349 0.00195141 0.0020712 0.00219609 0.00231679 0.00243786 0.0025608 0.00268957 0.00282443 0.00295402 0.00306512 0.0031499 0.00320708 0.00324545 0.00329858 0.0034037 0.00357398 0.0036512 0.00382368 0.00409121 0.00437059 0.00460098 0.0047613 0.00485545
0.00445391 0.00435395 0.00122452 0.00189485 0.00244713 0.00604836 0.00449098 0.00500771 0.0029049 0.00258742 0.00862757 0.00671301 0.00776537 0.00553931 0.00459051 0.00483084 0.00484215 0.00475973 0.00481207 0.00329956 0.00383662 0.0514316 0.00180833 0.00274588 0.0028748 0.00289388 0.00272328 0.0025069 0.00223034 0.00188184 0.00142967 0.000747102 0.00174079 0.00157108 0.00159237 0.00171135 0.00185012 0.0019732 0.00210161 0.0022334 0.0023754 0.00252361 0.00265372 0.00275003 0.00281007 0.00283943 0.00285867 0.0029311 0.00309747 0.00334159 0.00332371 0.00360189 0.0039701 0.00426729 0.00445548 0.00454965 0.00457803
0.00423278 0.00448575 0.00354237 0.00306596 0.00297404 0.00839541 0.00495629 0.00504023 0.00471171 0.00680037 0.00802866 0.00698798 0.00691008 0.00547404 0.00502992 0.00508904 0.00498455 0.00476597 0.00439784 0.00348853 0.00328434 0.00201116 0.0246091 0.00211841 0.0023993 0.00263342 0.00250268 0.0023356 0.00211097 0.00182425 0.001459 0.000896117 0.00194565 0.000574418 0.00104392 0.00131677 0.0014927 0.00160788 0.00175283 0.00189816 0.00206102 0.00222503 0.00234295 0.00240749 0.00243011 0.00242589 0.00243464 0.00257259 0.00284715 0.00317727 0.00287859 0.00347949 0.00394042 0.0041792 0.00426587 0.00426616 0.00422536
0.0041831 0.00453117 0.00426245 0.00391221 0.00367097 0.0107231 0.00566005 0.00595499 0.00641974 0.00742557 0.00766397 0.0069064 0.00646293 0.00558097 0.00532898 0.00526795 0.00509081 0.00483728 0.00454054 0.0043107 0.00465634 0.0017997 0.000861189 0.00111546 0.00155922 0.00231904 0.0022208 0.00210424 0.00192736 0.00169125 0.00142857 0.00116445 0.00101152 0.000548223 0.000877374 0.00104392 0.00113923 0.00119538 0.00139503 0.00155554 0.00175216 0.00192959 0.00200501 0.00201274 0.00198676 0.00194903 0.0019752 0.00227232 0.00269654 0.0030899 0.00200946 0.00362934 0.00399159 0.00403367 0.00396826 0.0038753 0.00378758
0.00422954 0.00457718 0.00461231 0.00446647 0.00427822 0.0131039 0.00643049 0.00679103 0.00720846 0.00759127 0.00740875 0.00677788 0.00628415 0.00572938 0.00552546 0.00536954 0.00511577 0.00477618 0.00433245 0.00369758 0.00237223 0.0036959 0.00453617 0.00376427 0.00200374 0.00195016 0.00186624 0.00180792 0.00168048 0.00145259 0.00116362 0.000715724 0.000830464 0.00048797 0.000548223 0.000574418 0.000585832 0.000590663 0.00106047 0.00119858 0.00145883 0.00163193 0.00159627 0.00151746 0.00144173 0.00138223 0.00150222 0.00211875 0.00267391 0.00305672 0.00499764 0.00436664 0.0039574 0.00368215 0.00349362 0.00336571 0.00328174
