depth-data/MillBrook/outs/Millbrock2_10m_WLRaster_7200.asc
ncols 		200
nrows 		200
xllcorner 	241000
yllcorner 	51000
cellsize 	10
NODATA_value 		-9999
[rows 120 to 149 of 200, columns 67 to 133 of 200]
30.7075 31.6301 32.4726 33.3575 34.1923 34.9245 35.3866 35.5159 35.4961 34.6389 26.7659 31.8221 33.8866 32.8199 31.4503 26.558 24.6658 22.6235 17.9487 16.2525 16.1394 16.0817 16.017 16.1817 16.6756 17.3524 17.9584 18.5092 17.4036 20.4607 21.5647 23.2671 25.087 26.7667 28.3064 29.571 30.4457 31.2903 32.3074 33.1845 34.0717 34.9288 35.9135 37.1081 38.5328 40.2723 41.7743 42.7537 43.1974 42.8553 43.6979 44.6148 45.2193 45.7912 45.8811 45.5744 44.5799 43.5427 42.0905 40.5533 38.2011 36.8939 35.4943 33.9847 32.0901 30.5031 28.9735
30.063 30.8855 31.6529 32.4526 33.2998 34.0019 34.2011 34.1538 33.9189 28.2377 21.5339 21.5922 26.2118 28.4516 27.865 24.1055 22.1183 20.8061 17.2142 16.5322 16.1435 16.1432 16.4879 16.8826 17.3345 18.0241 18.6661 19.4601 18.5742 21.3108 23.372 24.8495 26.5744 28.1667 29.5889 30.7636 31.7332 32.5403 33.3649 34.6571 35.8967 36.8463 38.3235 40.5431 42.5328 44.5524 45.6796 46.4967 47.2413 47.9059 48.5205 48.9524 49.4043 49.9508 49.6766 49.4945 48.7074 47.9876 46.7529 44.4857 42.851 41.9989 40.3693 38.6472 36.4527 34.5181 32.7461
29.0408 30.0107 30.6605 31.3327 32.1373 32.5267 32.5309 32.3314 32.0866 30.5837 22.7689 19.8959 19.7209 21.5319 22.7317 22.2277 21.0332 17.8433 17.2259 16.8731 16.7246 17.3918 17.8351 17.7876 17.6944 18.5048 19.1892 20.1441 19.733 21.2882 24.0766 26.3193 28.0118 29.5217 30.834 32.0587 33.1558 34.1704 35.155 36.6371 37.9942 39.6138 41.606 43.8006 45.9378 47.8124 49.1871 50.1192 50.8763 51.5759 52.1105 52.5276 52.882 53.1335 53.0817 52.812 52.3947 51.6549 50.6752 49.888 48.7934 46.7414 43.9893 42.3273 41.1753 39.1382 37.0937
26.8733 28.2954 28.7845 28.7017 30.2172 30.3766 30.4707 30.0089 29.0368 27.1892 25.6037 20.9815 19.7203 19.5135 21.1587 18.8273 18.0118 17.9186 17.0106 17.006 18.2857 18.1008 18.5657 18.802 18.8022 19.0087 19.8037 20.7792 21.0873 24.3104 26.0412 27.8739 29.5041 30.8266 32.2515 33.5187 34.7859 36.1005 37.4376 39.4471 40.8817 42.6638 44.456 47.1831 49.2827 50.9799 52.2895 53.2342 53.9463 54.6034 55.1131 55.5677 55.8922 56.0714 56.0268 55.7919 55.457 54.8547 54.4076 53.283 52.0159 49.9414 47.4719 46.1999 44.5629 42.7033 40.6713
24.3434 25.2981 25.7305 26.4584 27.2565 27.2526 27.3507 26.6488 25.3518 24.3495 23.3544 21.1363 19.846 19.2071 18.7219 18.5275 18.0123 17.9241 18.0049 19.0267 19.1232 19.0223 19.247 19.6157 19.6477 19.3038 20.4987 21.6332 22.4162 25.7467 27.6231 29.381 30.9463 32.3064 33.6739 35.1562 36.8084 38.5506 40.3876 42.2447 43.5093 45.2614 46.7885 49.9881 51.8577 53.1449 54.192 55.0017 55.8238 56.6534 57.2655 57.5477 58.1599 58.4246 58.5016 58.324 57.9066 57.322 56.5899 55.8704 54.8209 53.614 52.1545 50.2125 48.3155 45.9309 43.6239
22.5365 22.8308 23.5506 24.2903 24.4911 24.4273 23.8894 23.1669 22.1296 21.3348 20.7373 20.0596 19.4652 19.2213 18.723 18.719 18.4192 19.0056 19.5751 19.9594 20.2784 20.2064 20.0695 20.4167 20.6283 20.8986 20.8887 22.5097 24.1728 27.2045 28.9823 30.7229 32.2808 33.6761 35.3087 37.2387 39.266 41.3332 43.4227 45.4248 47.2743 48.7864 50.326 52.1206 53.6052 54.5748 55.5195 56.3966 57.2213 58.0509 58.828 59.3925 59.7972 60.1221 60.2624 60.2881 60.0013 59.3894 58.7424 57.8455 56.7135 55.4816 54.1521 52.5201 50.6481 48.4861 46.164
22.0581 21.9536 21.946 21.937 22.0509 21.927 21.5597 20.9998 20.2774 19.8557 19.7544 19.5888 19.4598 19.4458 19.0204 19.424 19.9161 20.4832 20.9853 21.3097 21.5663 21.5214 21.3948 21.3078 21.5673 21.4556 21.2479 23.206 25.4006 26.4531 29.9213 31.7196 33.4252 35.1032 37.1685 39.6286 42.0035 43.8533 45.5279 47.2974 49.0694 50.7265 52.2435 53.4831 54.6752 55.7948 56.8294 57.7891 58.6787 59.5534 60.3454 60.9175 61.3218 61.5334 61.443 61.8231 61.6138 61.1119 60.315 59.4806 58.4761 57.1917 55.7122 53.9227 52.1807 50.2812 48.1691
23.2685 22.4484 21.6515 20.7995 20.6668 20.6269 20.4257 19.9952 19.8578 19.822 19.769 19.6216 19.591 19.8479 19.8981 20.8615 21.3287 21.8333 22.1679 22.4224 22.8044 22.9586 22.5875 22.269 22.5744 22.6875 22.6997 23.0366 25.6353 26.0861 30.3775 32.4435 34.4943 36.615 39.0956 41.4484 43.3185 45.1133 46.9055 48.7 50.512 52.0216 53.2661 54.4881 55.7352 56.9073 58.0019 58.9716 59.8762 60.7433 61.563 62.2026 62.667 62.8863 62.8123 63.2256 63.0164 62.502 61.7601 60.9882 59.9438 58.6818 57.1274 55.2454 53.3958 51.4988 49.5892
24.5057 23.993 23.3227 22.5625 21.7372 21.2119 20.972 21.0541 21.2935 21.388 21.471 21.56 21.8722 21.1385 21.3878 22.829 23.1362 23.3134 23.348 23.5476 23.9446 24.164 23.7756 23.401 23.6029 23.8687 24.0007 23.7014 25.5249 27.5142 30.7879 32.9172 35.4732 37.7691 40.2949 42.3829 44.2983 46.1034 47.9631 49.7377 51.4122 52.7942 54.0712 55.3557 56.6378 57.8848 59.0444 60.054 60.9211 61.7533 62.573 63.2026 63.6647 63.9093 64.0138 64.2781 64.1814 63.7121 62.9827 62.0883 60.9739 59.8095 58.13 56.523 54.6385 52.7589 50.9817
26.7653 24.75 24.5022 24.2694 23.954 23.5712 23.3489 23.4015 23.5588 23.6721 23.7524 23.9579 24.0352 22.6092 22.4436 23.9489 23.9887 24.0934 24.6581 25.1651 25.2623 25.3998 25.2438 24.6721 24.6076 25.0529 25.3332 25.3353 25.3364 27.8073 28.2159 33.0227 35.9017 38.6153 41.0689 43.2123 45.0104 46.7908 48.6833 50.4853 51.9898 53.3718 54.7488 56.1508 57.5553 58.7923 59.9494 60.9565 61.8486 62.6582 63.4329 64.0975 64.5522 64.8418 64.9163 65.3332 65.2365 64.8422 64.1304 63.226 62.1341 60.8771 59.3677 57.6206 55.9561 54.2414 52.5717
28.9847 27.7969 26.894 26.0262 25.0884 24.4281 24.3856 24.4004 24.4927 24.6566 24.8221 24.9536 24.5351 23.9193 24.991 25.3914 25.6786 26.1209 26.4631 27.0502 27.0693 27.0212 26.9996 26.31 25.794 25.9809 26.3316 26.3326 25.5014 28.2752 29.8518 31.4375 36.147 39.2332 41.64 43.7537 45.4746 47.383 49.2934 50.9355 52.365 53.8745 55.3715 56.9284 58.4104 59.6749 60.7794 61.7915 62.6736 63.4682 64.2653 64.9124 65.4121 65.6392 66.0913 66.3432 66.2516 65.8124 65.1555 64.3337 63.2743 62.0148 60.5753 58.9757 57.4311 55.949 54.4317
31.2841 29.9862 28.8383 27.9205 27.4852 27.14 26.8747 26.877 27.0433 27.2202 27.1653 27.1716 27.3539 27.4814 27.4773 27.8863 28.0735 28.4259 28.8532 29.1705 29.1853 28.9996 28.6676 28.2126 27.4099 27.0813 27.2382 27.4287 27.2818 27.7619 30.4478 32.161 34.2895 37.9082 41.7329 44.1196 45.9408 47.8922 49.6834 51.2182 52.8002 54.3372 55.9316 57.7736 59.3631 60.39 61.4645 62.7515 63.7536 64.7831 65.5677 66.0823 66.522 67.0142 67.4463 67.5484 67.3943 66.9026 66.3182 65.5139 64.4869 63.3075 61.9079 60.5158 58.9212 57.7364 56.3966
33.3084 32.113 31.0326 30.1348 29.6196 29.3894 29.2043 29.2142 29.3795 29.5993 29.5734 29.4861 29.6729 30.0113 30.2348 30.4438 30.6458 30.9733 31.2557 31.2928 31.132 30.8806 30.4503 30.1023 29.5318 28.6616 28.3595 28.4366 28.546 28.4392 30.5885 32.7589 34.4545 37.3757 41.4302 44.1271 46.2032 48.1952 49.9009 51.5908 53.3179 54.9849 56.7068 58.8238 60.2757 61.5427 63.1196 64.6641 65.9311 66.9831 67.7927 68.2672 68.4169 68.9365 69.0712 69.1037 68.7571 68.2803 67.6059 66.8016 65.7996 64.6626 63.378 62.0409 60.7887 59.4339 58.339
35.3476 34.2222 33.1944 32.4466 32.054 31.879 31.7598 31.6697 31.7092 31.8827 31.9021 32.1131 32.3289 32.4922 32.5054 32.5289 32.7706 33.1656 33.4432 33.377 33.1504 32.8962 32.6547 32.2763 31.8309 30.9311 29.8567 29.5253 29.8822 29.9877 30.1228 32.4585 34.39 36.2725 40.9789 43.5245 45.9932 48.1245 50.1081 52.0535 53.933 55.8376 57.8545 60.1115 62.1334 63.7753 65.5373 67.0667 68.3012 69.2831 70.0501 70.5397 70.5667 71.0688 71.2108 71.0016 70.4998 69.848 68.9836 68.0843 67.0923 66.0002 64.8206 63.5809 62.3486 60.9938 60.1539
37.5793 36.5489 35.6537 35.0435 34.8185 34.7111 34.5777 34.4403 34.3547 34.307 34.2762 34.5718 34.7701 34.9333 35.0988 35.3719 35.7428 35.7601 35.4576 35.3628 35.3259 35.3041 35.314 35.2519 34.9152 33.8685 32.1568 31.2538 31.4801 31.4492 32.3091 32.701 34.6383 37.1486 38.2657 42.5959 45.3092 47.8273 50.2148 52.4936 54.6707 57.0702 59.5597 62.3492 64.5161 66.398 68.1374 69.6468 70.7688 71.7132 72.4302 72.8421 73.0092 73.3137 73.4135 73.1493 72.57 71.7232 70.6014 69.557 68.4375 67.2753 66.1356 64.9808 63.851 62.7111 61.6137
40.1085 39.2582 38.493 37.8805 37.7406 37.5834 37.4587 37.2846 37.0135 36.6441 36.704 36.8805 37.3163 37.6496 38.0225 38.3052 38.4976 38.4217 38.3114 38.0453 37.7512 37.8395 38.3297 38.4769 38.0005 36.8214 35.0348 33.2007 32.6083 32.0416 32.9645 33.6116 34.9607 37.2475 39.0282 40.8409 44.4243 47.3691 50.2353 52.9712 55.7108 58.6954 61.9849 64.7869 67.2613 69.1283 70.7627 72.062 73.0814 73.9208 74.5027 74.8247 75.0341 75.2509 75.2013 74.9945 74.3627 73.4759 72.3116 71.2071 70.0651 68.8279 67.5656 66.3757 65.3033 64.1458 62.8834
43.0252 42.3776 41.7425 41.0976 40.8054 40.4859 40.273 40.0743 39.7921 39.4594 39.4483 39.6218 40.0276 40.491 40.8764 41.1616 41.2916 41.2126 41.1202 41.2208 41.5572 41.8188 41.7048 41.2754 40.706 39.7318 37.9102 35.8462 33.9729 34.0369 34.5192 34.2024 35.6297 37.1892 38.9969 41.0277 42.0567 46.6808 50.1109 53.5812 57.2009 60.8306 64.1676 67.0671 69.5516 71.176 72.4304 73.5073 74.3891 75.0835 75.5553 75.9322 76.1992 76.3263 76.3787 76.0797 75.5679 74.7987 73.8668 72.8748 72.0201 70.7928 69.3954 67.998 66.8305 65.7456 64.6581
46.0321 45.5895 45.0245 44.2998 43.8904 43.4561 43.1583 43.0295 42.8995 42.6188 42.6263 42.918 43.2437 43.435 43.6155 43.9006 44.1841 44.2957 44.5623 44.9688 45.3051 45.3669 45.0227 44.6181 43.8138 42.6647 41.2332 39.0168 36.4053 35.2036 35.645 35.937 36.0826 37.2582 38.9173 40.9455 42.2964 46.1551 50.6965 54.6087 58.6359 62.2257 65.5628 68.6548 70.9593 72.3087 73.5056 74.5225 75.4368 76.1011 76.588 76.9798 77.2416 77.3483 77.2968 76.9725 76.4281 75.849 75.2671 74.4774 73.6326 72.7751 71.3727 69.8777 68.6227 67.5278 66.6129
48.744 48.5065 48.0117 47.2422 46.5705 46.0015 45.8098 45.8198 46.0385 46.008 46.147 46.2744 46.3721 46.5065 46.8246 47.0891 47.3971 47.6487 48.2104 48.5994 48.7528 48.6055 48.2854 47.7957 47.319 46.4977 44.7039 42.7225 39.8809 37.4167 36.2977 36.6063 37.4491 37.5932 39.1534 40.9695 43.0997 44.9672 50.7515 55.2585 59.9334 63.4758 66.8904 69.8775 71.9595 73.2564 74.4634 75.5177 76.3846 77.0664 77.5632 77.92 78.1168 78.2185 78.097 77.8476 77.2658 76.7644 76.2948 75.7749 75.0699 74.2323 73.0423 71.5849 70.3874 69.4175 68.6526
51.8486 51.4286 51.034 50.4524 50.1684 49.7095 49.3804 49.2764 49.4307 49.4461 49.449 49.5762 49.7825 50.1529 50.7342 50.9629 51.2152 51.5966 52.0034 52.1778 52.3569 52.4003 52.1976 51.8707 51.3319 50.3783 48.9296 46.7582 44.1915 40.9896 38.4 37.5029 37.8987 37.7863 39.6179 41.2687 43.3715 44.7413 50.8941 55.8959 60.9555 64.6459 68.2155 71.0176 72.7171 73.9666 75.2111 76.338 77.0674 77.7917 78.2809 78.6726 78.9395 78.9764 78.8623 78.5628 77.781 77.5574 77.2624 76.7922 76.262 75.4994 74.5294 73.2645 71.9996 71.1347 70.9199
55.6257 55.0558 54.674 54.0728 53.7915 53.5151 53.246 53.1866 53.1715 53.1468 53.0112 52.9814 53.4243 54.0962 54.6793 54.8773 55.0684 55.172 55.4961 55.9034 56.2878 56.4545 56.4995 56.2534 55.2601 53.9092 52.3954 50.4664 47.947 44.6699 41.4251 39 38.8515 39.0542 40.3486 41.8853 43.8857 45.2101 50.952 56.4585 61.7023 65.8085 69.3506 71.8452 73.1773 74.4968 75.7738 76.8108 77.6252 78.412 78.9912 79.4128 79.6096 79.6571 79.5026 79.1853 78.7438 78.2581 78.037 77.4916 77.1964 76.8065 76.0316 75.0442 74.4368 73.707 72.7671
59.9901 59.4029 58.8343 58.1784 57.7998 57.4458 57.1514 56.947 56.8133 56.8641 56.9566 57.3097 57.8666 58.1054 58.2675 58.3224 58.3994 58.5925 59.0935 59.6186 59.7007 59.8507 60.0306 59.5341 58.7911 57.7326 56.1587 53.732 50.8749 47.5525 44.385 41.3298 40.126 40.2296 41.2046 42.6024 44.7735 46.1129 51.7651 57.3267 62.7778 66.6536 70.0807 72.2103 73.5574 74.987 76.319 77.386 78.2604 78.9348 79.529 79.8705 80.134 80.1008 79.8677 79.655 79.1968 78.979 79.1023 78.7331 78.3184 77.8386 77.3338 76.644 75.9666 75.2768 74.3594
64.2494 63.8579 63.4025 62.7019 61.8782 61.2039 60.9092 60.7473 60.5631 61.0138 61.343 61.6795 62.0016 61.9821 61.9113 61.9085 62.0982 62.3884 62.5107 62.6386 62.688 62.7921 63.015 63.1046 62.2123 60.5162 58.6695 56.1499 53.44 50.2899 47.3047 44.3693 41.5488 41.379 41.3823 43.2891 45.2613 47.2405 52.5506 57.414 62.4107 66.9461 70.2933 72.4529 73.9475 75.4296 76.7592 77.8237 78.5507 79.2376 79.8095 80.2587 80.5873 80.5041 80.5186 80.3667 80.1278 79.9367 79.8836 79.7009 79.3634 78.941 78.4211 77.8337 77.1064 76.3615 75.4842
68.3871 68.1782 67.6812 66.8206 66.069 65.3693 64.9867 64.8451 64.3225 65.1967 65.6837 65.9712 66.1966 66.0063 65.7816 66.0304 66.2148 66.5452 66.7298 66.5864 67.1999 67.0709 67.2175 67.055 66.0189 64.2471 61.6399 58.755 55.9749 52.9645 49.9916 47.1686 44.773 42.7834 42.1529 44.0036 46.1443 48.095 53.1542 57.609 62.4764 66.9586 70.8658 72.738 74.3151 75.7447 77.1118 78.1238 78.9609 79.6879 80.3374 80.7293 81.0111 81.1828 81.3016 80.9192 80.8243 80.8893 80.7974 80.6127 80.2829 79.9331 79.4208 78.841 78.0811 77.3063 76.5215
72.1023 71.7137 71.2777 70.7693 70.4596 70.0643 69.6687 69.4756 69.166 69.6944 70.046 70.115 70.1607 70.0353 69.9266 70.2407 70.6463 70.9831 71.2053 71.3834 71.8537 71.7039 71.4481 70.5391 70.0147 68.435 64.0775 62.7098 58.8369 56.0314 52.5559 49.5128 47.2271 45.026 43.2659 44.7446 47.113 49.1304 53.4841 58.4413 62.7288 67.4411 70.9409 73.063 74.6227 75.9322 77.2468 78.4289 79.3685 80.158 80.725 81.117 81.4389 81.6658 81.6999 81.8087 81.3786 81.5902 81.56 81.4401 81.1803 80.8329 80.3756 79.8232 79.1434 78.3436 77.5413
75.2848 74.9544 74.7774 74.5729 74.5421 74.5037 74.4728 74.3345 74.3376 74.42 74.5136 74.214 74.0626 74.2146 74.4252 74.5048 74.5592 74.694 75.015 75.2327 75.191 74.9129 74.1717 73.0723 72.0076 70.6025 68.9197 65.2418 62.2263 59.8881 56.2325 52.0793 49.3511 46.7569 45.0535 45.6282 47.8548 50.3263 54.3591 58.7511 63.3811 68.1485 71.2959 73.3531 74.9277 76.3848 77.6269 78.7965 79.7636 80.4756 81.0627 81.5372 81.8642 82.0586 82.1604 82.2343 82.1476 82.2342 82.2768 82.1923 82.0075 81.6627 81.2978 80.813 80.2106 79.4059 78.5386
78.0298 77.7854 77.7479 77.9205 78.1884 78.2999 78.3363 78.3467 78.2924 78.11 77.9599 77.6984 77.6974 77.8037 77.8117 77.6822 77.5986 77.4381 77.5209 77.7244 77.4526 76.9192 76.17 75.0302 73.905 72.5372 70.6817 67.9461 65.6729 63.3746 59.9539 55.2756 51.8649 48.8291 47.6531 47.1514 48.9124 51.8528 55.2569 59.2908 64.5433 68.5284 71.6159 73.8031 75.3678 76.6624 78.057 79.1941 80.0962 80.7832 81.3728 81.8523 82.2443 82.4638 82.6458 82.7502 82.9342 82.7254 82.9377 82.8848 82.7398 82.4674 82.1475 81.7477 81.1929 80.4532 79.501
81.5298 81.4694 81.6229 80.6345 81.2065 81.3405 81.3456 81.2885 81.1144 80.9318 81.0831 81.2528 80.9509 80.7 80.556 80.3242 80.1745 79.9046 79.6979 79.7346 79.3345 78.7253 77.7929 76.6401 75.3946 74.0565 72.3658 70.6576 68.6568 65.916 62.5951 58.1743 53.7662 50.6926 49.4387 48.546 50.4331 52.9452 55.83 60.683 65.7354 69.2429 72.2184 74.2607 75.7153 77.2149 78.437 79.4916 80.3637 81.0908 81.6929 82.2124 82.6194 82.889 83.0435 83.1955 83.3951 83.3966 83.4917 83.4963 83.3868 83.2271 82.9422 82.6049 82.0252 81.3805 80.4509
84.2575 84.126 84.1188 84.1835 84.0422 84.0271 83.7689 83.6691 83.665 83.6861 83.8856 83.8387 83.6027 83.2987 82.9442 82.732 82.4471 82.1945 81.8893 81.6216 81.1287 80.1332 79.1552 77.9245 76.5538 75.1655 73.6847 71.9164 70.0006 68.1971 64.2687 60.2779 55.9524 52.5579 50.6808 50.1338 52.5094 54.1987 56.1714 61.9527 67.3525 70.4321 72.9483 74.6732 76.3404 77.6375 78.7771 79.8042 80.6688 81.3934 82.0355 82.4925 83.002 83.314 83.4735 83.6279 83.7523 83.9037 83.8754 83.9994 83.9794 83.8418 83.5869 83.2572 82.7826 82.1705 81.3634
86.9428 86.8514 86.7254 86.4598 86.452 86.1693 86.0603 86.0282 86.0505 86.1238 86.1166 85.8905 85.5788 85.2867 84.8644 84.5145 84.2344 83.8867 83.4289 83.0285 82.638 81.68 80.4343 79.0485 77.5602 76.0818 74.6385 73.1877 71.1592 68.8276 64.3592 60.9912 56.5334 53.5629 52.1918 51.2083 53.9362 56.0558 57.8589 63.4726 67.6502 71.37 73.2606 75.3208 76.7979 78.0125 79.1447 80.1468 80.9939 81.701 82.373 82.9501 83.4346 83.7617 83.9112 84.0032 84.0526 84.3043 84.1647 84.4204 84.4938 84.3888 84.2391 83.962 83.525 83.0029 82.2009
