depth-data/MillBrook/outs/Millbrock2_10m_WLRaster_WLPEAK.asc
ncols 		200
nrows 		200
xllcorner 	241000
yllcorner 	51000
cellsize 	10
NODATA_value 		0
[rows 60 to 89 of 200, columns 0 to 66 of 200]
69.7736 68.0371 66.141 64.1843 62.3876 60.5982 59.0812 57.7927 56.576 55.6049 57.2179 57.899 58.5501 58.6717 58.5881 57.2581 55.9806 56.3769 58.4033 60.9025 63.4598 65.5352 67.1459 68.4189 69.469 70.3238 71.001 71.9083 72.6055 73.4203 74.295 74.9871 75.5817 76.1537 76.8206 77.4875 78.0542 78.5733 79.0672 79.4935 79.9522 80.2184 80.6818 80.8739 80.8794 81.3123 81.6081 81.9885 82.2654 82.1627 82.1026 81.7497 81.6569 81.3126 80.8635 80.3524 79.9943 79.7368 79.5297 79.2804 79.0888 78.8348 78.5086 78.225 77.9117 77.4354 77.2987
69.702 68.2641 66.7049 64.9878 63.1012 61.1694 59.3673 57.9152 56.8037 55.5292 55.0478 55.9926 56.8067 57.3609 57.4424 55.9466 55.3626 56.0018 58.0235 60.5532 63.1808 65.0887 66.6167 67.8319 68.8318 69.5941 70.2339 71.1536 71.9508 72.513 73.2226 74.1372 74.8068 75.5412 76.2456 76.9123 77.4689 78.0504 78.5718 79.1106 79.4042 79.9053 80.2936 80.6191 80.6278 80.7202 81.1339 81.4555 81.6255 81.7947 81.9148 81.6029 81.2254 80.8732 80.3476 79.9017 79.5035 79.1707 78.8432 78.561 78.2441 77.9099 77.5759 77.1848 76.8252 76.3046 75.8008
69.6048 68.3174 66.9299 65.4174 63.7647 61.9178 60.008 58.3186 57.0506 55.9734 54.8957 54.4498 54.9416 55.2688 55.0382 54.5539 54.5444 55.4744 57.5365 59.9665 62.4417 64.452 65.9898 67.2323 68.2621 69.0044 69.5841 70.4414 71.191 71.8682 72.4078 73.1498 74.1118 74.8836 75.5904 76.2846 76.9586 77.5726 78.1664 78.7626 79.0687 79.6847 79.8904 80.3735 80.5688 80.4809 80.6397 80.7939 81.3554 81.7182 81.4401 81.1927 80.8935 80.4701 79.973 79.4703 79.0124 78.547 78.1268 77.7219 77.2797 76.8977 76.5235 76.1809 75.5348 75.3564 74.3128
69.1249 67.9517 66.6725 65.3503 63.9935 62.6878 60.8675 58.8612 57.3232 56.2101 55.3283 54.4494 53.5646 53.1599 53.2362 53.2289 53.6809 54.9248 56.7822 59.0898 61.4575 63.5402 65.2102 66.5501 67.5899 68.3322 68.9719 69.7366 70.4287 71.1108 71.8103 72.3573 73.0867 74.2335 74.9702 75.6493 76.4033 77.0847 77.7509 78.3271 78.7681 79.114 79.577 79.8844 80.2253 80.1855 80.3776 80.4439 80.9022 81.0787 81.012 80.826 80.5618 80.1765 79.6127 79.0432 78.5357 77.9806 77.4229 76.9303 76.4629 76.0033 75.6788 75.0177 74.7555 74.2489 73.455
68.1449 66.995 65.9087 64.6619 63.4816 62.2213 60.696 59.0861 57.671 56.5437 55.6382 54.8003 53.8375 52.8317 52.1865 52.5229 53.0137 54.1379 55.7578 57.8579 60.1456 62.3731 64.2081 65.6454 66.7952 67.5699 68.2396 69.0167 69.7088 70.3884 71.1203 71.7447 72.4366 73.1983 74.2724 75.059 75.7854 76.5167 77.198 77.7992 78.2803 78.7014 79.0752 79.2721 79.3883 79.8822 80.1759 80.062 80.0774 80.3255 80.5844 80.4716 80.2551 79.8852 79.4044 78.8105 78.1435 77.5437 76.9262 76.3237 75.8337 75.4214 74.6992 74.3776 73.897 73.3121 72.9302
67.1774 66.1778 65.2294 64.1229 62.9882 61.8058 60.5256 59.2375 58.0149 56.9206 56.0395 55.2241 54.2215 53.1166 52.0737 52.0733 52.1151 53.1034 54.4659 56.4185 58.6461 60.8735 62.9334 64.4907 65.7579 66.6251 67.3247 68.0643 68.8289 69.5534 70.3103 70.9696 71.7864 72.463 73.3246 74.3462 75.0776 75.8615 76.5755 77.277 77.7964 78.2066 78.5132 78.7141 79.3117 79.6066 79.8234 80.0588 79.8886 79.7565 79.6795 80.0654 79.9179 79.6086 79.2008 78.6649 77.9234 77.1065 76.5042 75.9269 75.4194 74.7321 74.4123 73.8203 73.034 72.5359 72.226
66.6992 65.759 64.8399 63.8327 62.7752 61.7497 60.7726 59.8558 59.0286 58.3527 57.4101 55.9153 54.7106 53.5434 52.073 51.4957 51.7401 51.849 52.919 54.734 56.909 59.1313 61.3237 63.1209 64.4081 65.4027 66.1548 66.9519 67.7664 68.6208 69.4502 70.192 71.0212 71.7853 72.4219 73.4059 74.4499 75.2015 75.9381 76.6348 77.1893 77.6561 78.0771 78.7233 79.0639 79.3548 79.5912 79.7746 79.8961 79.7795 79.3538 79.2688 79.4936 79.2387 78.9318 78.4089 77.5978 76.7438 76.1469 75.5773 74.9894 74.6999 74.1207 73.401 72.5378 72.0285 71.5876
67.3049 66.6306 65.9778 65.347 64.651 63.9547 63.1408 62.3743 61.6577 60.8284 60.0065 58.4746 56.6 53.9229 52.4907 51.0974 51.0957 50.9429 51.4819 53.1319 55.2643 57.4666 59.5914 61.3786 62.7882 63.8853 64.8099 65.7344 66.6913 67.6382 68.555 69.3368 70.171 70.9651 71.7617 72.4258 73.5448 74.5865 75.3382 75.9149 76.4766 77.223 77.9663 78.4942 78.9158 79.1938 79.4212 79.6368 79.7013 79.7698 79.6894 79.2687 78.8149 78.8148 78.5316 78.0482 77.3885 76.619 75.9294 75.4547 75.1436 74.6022 73.8792 73.0329 72.2545 71.6218 71.04
69.2399 68.7256 68.2353 67.647 67.1059 66.4172 65.7182 64.9892 64.2875 63.2781 62.2562 60.8917 58.4221 55.8874 52.8927 51.4329 50.2447 50.6696 50.8298 52.2097 54.1346 56.1493 58.1215 59.8112 61.2808 62.4429 63.4424 64.5169 65.5688 66.6131 67.5849 68.4491 69.2358 70.1325 71.0167 71.9159 72.6628 73.7901 74.7778 75.3166 76.182 77.0902 77.7339 78.3129 78.7453 79.1135 79.3342 79.4805 79.6672 79.6829 79.708 79.6107 79.1047 77.5679 77.5277 77.5096 77.1544 76.5371 75.9425 75.6765 75.1205 74.4234 73.6754 72.7432 71.8629 71.1626 70.5053
71.1074 70.7331 70.2828 69.812 69.2759 68.6596 67.9231 67.144 66.2247 65.0003 63.6208 62.1987 59.9941 57.1593 54.317 51.9222 50.1167 49.82 50.2077 51.6275 53.3473 55.112 56.8917 58.5138 59.8834 61.0779 62.1199 63.2693 64.4312 65.543 66.5848 67.4667 68.4011 69.3683 70.3309 71.2744 72.1469 72.7992 74.1795 75.1689 76.1833 76.9747 77.673 78.2289 78.686 78.9656 79.2364 79.3864 79.6064 79.7622 79.7416 79.6254 79.3739 78.7688 77.2356 76.6894 76.6894 76.3603 76.1771 75.6461 75.0064 74.2931 73.4334 72.5423 71.5379 70.748 69.9882
72.8799 72.5981 72.1678 71.7319 71.1708 70.5145 69.6504 68.6962 67.6394 66.3824 64.8228 63.1857 60.8934 58.2937 55.3663 52.6314 50.5065 49.8057 49.8729 51.1177 52.5975 54.2096 55.8618 57.3989 58.7259 59.8879 60.9324 62.1194 63.344 64.4937 65.5738 66.5672 67.6019 68.7088 69.7512 70.7403 71.5946 72.7424 74.0619 75.2452 76.1746 76.9875 77.6801 78.2307 78.6265 78.9335 79.1895 79.3971 79.588 79.7641 79.8645 79.7065 79.3998 78.9683 78.3153 77.3142 75.7644 75.7643 75.7643 75.3493 74.7872 74.0832 73.2138 72.2709 71.2447 70.2729 69.3058
74.4374 74.1806 73.7252 73.2569 72.7557 72.0593 71.1652 70.1909 69.0414 67.7144 66.0197 64.3025 61.9352 59.2354 56.148 53.0956 50.6205 49.3654 49.5182 50.5929 51.8027 53.2399 54.8196 56.2694 57.6619 58.8398 59.9261 61.1864 62.5093 63.6908 64.8723 66.0266 67.1623 68.4133 69.5496 70.5676 72.0411 73.153 74.3249 75.3893 76.2936 77.0829 77.7772 78.2766 78.6386 78.99 79.2539 79.4273 79.6526 79.7813 79.8711 79.802 79.4623 78.9474 78.3841 77.7613 76.9515 75.9955 73.9983 74.2933 74.3259 73.7221 72.9411 71.9564 70.8834 69.8622 68.743
75.7899 75.4756 75.0277 74.6068 74.0705 73.324 72.5298 71.5529 70.3959 69.1012 67.4415 65.6542 63.0544 60.0746 56.9096 53.5471 50.7095 49.046 49.2363 50.0114 51.0844 52.2555 53.6805 55.2001 56.7231 58.0682 59.332 60.8039 62.2444 63.5532 64.8116 66.0046 67.2076 68.4772 69.6017 71.5063 72.6157 73.7127 74.7695 75.7439 76.6006 77.3098 77.8865 78.4208 78.8226 79.1244 79.3687 79.5273 79.6958 79.7898 79.797 79.694 79.4173 78.9758 78.4436 77.7697 77.0673 76.377 75.4214 72.8275 72.8275 73.1859 72.5398 71.6088 70.479 69.3485 68.1698
76.9474 76.6206 76.2501 75.6191 75.0753 74.3537 73.6293 72.6398 71.5677 70.2205 68.7107 66.9659 64.2185 60.8587 57.4711 53.9785 50.8732 48.8564 48.7016 49.3005 50.3488 51.4993 52.9078 54.5101 56.1846 57.7796 59.2081 60.803 62.4108 63.968 65.3603 66.6974 67.8646 69.2892 71.0813 72.2058 73.3003 74.3673 75.3591 76.2309 76.9777 77.6444 78.201 78.685 79.0567 79.3085 79.4882 79.6108 79.6956 79.7324 79.7016 79.568 79.3664 79.0315 78.4637 77.8079 77.1076 76.35 75.5334 74.6238 73.0229 70.5889 71.876 71.0275 70.0264 68.8191 67.4636
78.1124 77.808 77.2825 76.7714 76.1299 75.3456 74.5562 73.5865 72.3868 71.067 69.7197 68.0974 65.2975 61.7101 58.0899 54.4496 51.2368 48.8515 48.5454 48.9593 49.7604 50.9926 52.529 54.2704 56.0745 57.849 59.5876 61.4277 63.3576 65.0775 66.5797 67.7969 69.8641 70.8812 71.9733 73.0528 74.0774 75.0693 75.9487 76.7405 77.3948 78.0564 78.6029 79.0643 79.3906 79.5844 79.6611 79.7164 79.7622 79.6977 79.621 79.4945 79.304 78.9429 78.4616 77.8442 77.1089 76.3534 75.496 74.5713 73.6715 72.4907 69.2728 70.0486 69.4027 68.2741 66.9793
79.4249 79.0779 78.6197 77.976 77.2368 76.3749 75.5578 74.468 73.2132 71.8134 70.4086 68.8838 66.4239 62.7789 58.9534 55.0654 51.6601 48.6647 48.5339 48.4858 48.9077 50.5644 52.3883 54.2992 56.3689 58.4067 60.3292 62.3394 64.4069 66.2168 67.6241 69.8138 70.8635 71.9081 72.9577 73.9923 74.9068 75.7538 76.4907 77.1526 77.8419 78.496 79.0625 79.5014 79.7899 79.8729 79.9326 79.8933 79.8201 79.7465 79.6114 79.4362 79.1709 78.8352 78.3394 77.7382 77.0024 76.2118 75.425 74.5179 73.5023 72.4865 71.5341 68.0946 68.1537 67.6153 66.3017
80.7349 80.3802 79.9218 79.3203 78.551 77.6139 76.5691 75.4918 74.1269 72.6396 71.1073 69.47 67.0527 63.7125 59.9037 55.9483 52.1531 49.1505 48.4931 48.4726 48.6179 50.1153 52.2363 54.4337 56.7457 58.9546 60.9805 63.0109 65.0011 66.8986 68.396 70.5232 71.7854 72.955 73.9646 74.8942 75.7038 76.3633 76.8977 77.5171 78.1939 78.8581 79.4271 79.821 79.9996 80.1701 80.1729 80.0983 79.9499 79.761 79.6041 79.3509 79.0366 78.6616 78.1888 77.5456 76.8949 76.0843 75.2118 74.3195 73.2993 72.2964 71.2754 69.6655 66.8817 67.0038 66.1179
82.3398 82.0298 81.6436 81.1493 80.4197 79.4125 78.2901 77.0402 75.6827 74.0231 72.0135 69.9186 67.2889 63.883 60.3198 56.5382 52.6608 49.5958 48.4779 48.4532 48.418 48.813 51.8295 54.1084 56.4876 58.9469 61.0666 63.3472 65.6551 67.7353 69.4753 71.36 72.7822 74.0244 75.019 75.8386 76.4731 76.9326 77.3496 77.894 78.5258 79.1475 79.6616 80.0155 80.2293 80.3376 80.3551 80.2481 80.0544 79.8153 79.4993 79.1983 78.8694 78.4699 77.9675 77.3747 76.6893 75.9138 75.0186 74.1385 73.1659 71.8607 70.8201 69.821 68.5438 65.7549 65.7639
83.667 83.369 82.9098 82.4502 81.8079 80.933 79.8431 78.5406 77.0006 75.5564 73.052 70.5842 67.3849 64.6745 60.1485 56.5964 52.8229 49.8651 48.4254 48.4052 48.4024 48.607 51.2176 53.6616 56.1672 58.7464 61.2199 63.4756 66.3988 68.5993 70.652 72.4618 73.894 75.1211 76.0808 76.7704 77.2299 77.5469 77.8739 78.3433 78.8801 79.4569 79.871 80.2174 80.426 80.4869 80.5006 80.383 80.1559 79.8641 79.4672 79.0998 78.7615 78.3213 77.7712 77.1486 76.5058 75.7729 74.9427 73.92 72.8038 71.8086 70.7652 69.6979 68.4168 66.0785 64.4532
84.5011 84.192 83.7998 83.2999 82.6849 81.9399 81.0249 79.9899 78.5749 76.6222 74.2378 71.2436 67.4259 63.6886 59.9347 56.3932 52.6847 49.689 48.3894 48.3887 48.3917 48.392 50.511 53.0848 55.8895 58.8199 61.7153 64.6035 67.5646 69.7655 71.8585 73.6611 75.0857 76.0179 76.97 77.5546 77.9316 78.1511 78.4456 78.8125 79.2969 79.7986 80.1927 80.4216 80.59 80.6548 80.5817 80.4949 80.2684 79.8724 79.4879 79.0879 78.6902 78.2425 77.6774 76.9973 76.3371 75.5668 74.5667 73.8212 72.8651 71.8069 70.6671 69.4292 68.145 66.6936 63.6176
84.2195 83.869 83.5048 83.0002 82.4229 81.643 80.8531 79.8481 78.4731 76.8362 74.5829 71.0543 67.678 63.8912 59.6332 55.7816 52.159 49.1938 48.3885 48.3692 48.3587 48.4261 49.2635 52.6877 55.8112 59.1253 62.4253 65.6506 68.5221 70.7388 72.6497 74.2802 75.7449 76.9145 77.6192 78.3287 78.6708 78.8453 79.0397 79.3891 79.8235 80.1902 80.4618 80.6357 80.7095 80.7145 80.6773 80.5124 80.2496 79.8907 79.5177 79.0975 78.6564 78.1132 77.438 76.8705 76.162 75.5227 74.6775 73.7921 72.7773 71.7308 70.5456 69.2675 67.938 66.4866 64.9036
83.6473 83.3248 82.9536 82.5268 81.9997 81.2575 80.4276 79.3952 78.0852 76.5621 74.449 71.4516 67.6061 63.4288 59.2582 55.172 51.705 48.6077 48.3196 48.3223 48.3234 48.3193 48.7672 52.8631 55.8719 59.4081 62.9277 66.2785 68.6977 71.2062 73.0003 74.6393 76.2515 77.4886 78.4432 78.9228 79.3148 79.5343 79.6587 79.9605 80.2949 80.4916 80.633 80.7168 80.7408 80.7561 80.6663 80.4548 80.1085 79.7411 79.2656 78.9635 78.6089 78.2132 77.6947 77.1621 76.4879 75.7102 74.6541 73.6446 72.6926 71.6263 70.4783 69.2791 67.9171 66.4787 65.0775
82.8924 82.5502 82.2343 81.9003 81.3935 80.7064 79.8941 78.8768 77.5519 75.9517 74.0213 70.7178 66.883 63.0981 58.9541 54.9426 51.2633 48.4312 48.3177 48.3179 48.3173 48.3164 48.712 52.8098 55.8693 59.473 62.934 66.2186 68.5935 71.3267 73.1291 74.8659 76.5279 77.8451 78.7647 79.4693 79.8037 79.8807 80.1425 80.3667 80.5561 80.6702 80.7038 80.7198 80.7437 80.6234 80.4051 80.0737 79.7322 79.5697 79.2785 79.1026 78.8535 78.5028 77.9449 77.3909 76.6102 75.7052 74.7035 73.5989 72.6336 71.6133 70.48 69.3295 68.0007 66.5911 65.0439
81.9224 81.6654 81.3697 80.981 80.4443 79.7524 78.9553 77.9705 76.6732 75.2207 73.4156 70.2176 66.4999 62.5299 58.4127 54.5634 50.909 48.3125 48.3127 48.3126 48.3128 48.3128 48.5488 53.0842 55.6743 59.0542 62.5174 65.7356 68.3105 71.2629 73.1215 75.0124 76.7093 78.0588 79.076 79.7555 80.1725 80.2694 80.3238 80.6599 80.7544 80.7937 80.8036 80.6663 80.4569 80.0854 79.8815 79.8499 79.7083 79.5653 79.2923 79.0637 78.7837 78.441 77.9714 77.3102 76.5805 75.6988 74.734 73.643 72.6337 71.5897 70.5013 69.3273 68.0783 66.7063 65.153
80.8849 80.613 80.2675 79.8689 79.3174 78.6806 77.9087 76.964 75.7743 74.3844 72.6069 69.5917 65.7315 61.7739 57.7865 53.9694 50.0323 48.3059 48.3079 48.31 48.3107 48.3112 48.448 51.078 54.979 58.2619 61.6826 64.9985 67.8871 71.094 73.0999 75.1614 76.8831 78.2824 79.2871 79.9991 80.4235 80.6353 80.6701 80.737 80.9836 80.8995 80.7287 80.437 80.2597 80.0126 79.7993 79.6893 79.5146 79.2546 78.9809 78.7858 78.5808 78.2732 77.7499 77.1524 76.4651 75.5729 74.6348 73.6017 72.5315 71.4626 70.4214 69.2452 68.068 66.6762 65.1484
79.7774 79.4881 79.1501 78.7191 78.2003 77.5937 76.8743 76.0098 74.8377 73.3854 71.698 68.3905 64.9204 61.0178 57.1253 53.3004 48.7257 48.2427 48.3073 48.2939 48.3102 48.3107 48.4049 49.9225 54.0989 57.5672 60.8733 64.2349 67.3247 70.9728 73.1239 75.3505 77.1268 78.4679 79.4602 80.1398 80.564 80.767 80.6872 80.7065 80.7145 80.7015 80.6903 80.5136 80.2592 79.8886 79.5198 79.2778 79.1207 78.9559 78.678 78.4502 78.2226 77.955 77.4971 76.9219 76.1919 75.357 74.3818 73.309 72.1912 71.098 70.109 69.0214 67.8979 66.6167 65.2057
78.7599 78.4981 78.1227 77.6493 77.088 76.559 75.8748 75.0754 73.7784 72.2887 70.3364 67.899 64.079 60.239 56.6089 52.899 47.6776 47.3525 47.7199 48.0506 48.2726 48.4818 48.7969 50.1044 53.4559 56.8041 60.1697 63.6525 67.0716 71.0986 73.338 75.6122 77.2959 78.5699 79.5224 80.1823 80.6045 80.7911 80.6724 80.4235 80.4224 80.568 80.5031 80.3035 79.9839 79.5935 79.1624 78.8458 78.6664 78.4618 78.2093 77.9492 77.6841 77.419 77.0288 76.4311 75.7435 74.991 74.0184 72.9382 71.768 70.6474 69.6663 68.6819 67.6517 66.5261 65.2354
77.8574 77.5356 77.1827 76.7444 76.2807 75.8218 75.1652 74.2759 73.1689 71.6794 69.6097 66.7424 63.1825 59.9775 56.0175 52.53 48.7637 46.6241 45.266 44.9756 45.1094 45.6429 47.7738 50.2837 52.6202 56.2408 59.7464 63.3846 67.0306 71.3949 73.6994 75.9212 77.4362 78.5579 79.4177 79.9973 80.2765 80.517 80.4926 80.1555 79.9809 80.0826 79.9357 79.772 79.4602 79.114 78.7152 78.3012 77.987 77.7875 77.5328 77.2354 77.0104 76.7053 76.3152 75.7925 75.1674 74.4474 73.5223 72.4397 71.297 70.1053 69.1314 68.2272 67.305 66.3148 65.1625
76.8599 76.6531 76.5178 76.1394 75.6433 75.087 74.4504 73.6137 72.4919 71.0924 69.1128 66.3431 62.6808 59.2409 55.1384 51.496 48.3084 45.2976 44.2611 44.6739 44.6231 44.747 46.3425 49.305 52.1242 55.8535 59.4428 63.1954 67.3787 71.9582 74.2253 76.1657 77.4595 78.3873 79.122 79.6465 79.8831 80.067 80.1135 79.7947 79.4142 79.4013 79.2333 79.0761 78.7765 78.4523 78.0358 77.5867 77.1825 76.9856 76.7685 76.5013 76.1789 75.9064 75.5314 75.0813 74.5412 73.8386 73.0086 71.9535 70.8184 69.6587 68.5893 67.7425 66.888 65.9807 64.9347
75.8674 75.6456 75.5078 75.1695 74.7884 74.2696 73.6806 72.9415 71.9872 70.7053 68.8283 65.9712 62.159 58.8516 54.3568 50.7618 48.1232 45.8265 43.0162 44.2829 44.4014 44.7463 45.976 49.4674 52.1778 55.6272 59.1114 62.9713 67.29 72.2831 74.4744 76.1095 77.3004 78.1562 78.7107 79.1826 79.4191 79.5627 79.6053 79.2915 78.7327 78.4578 78.3401 78.1402 77.9129 77.5408 77.1815 76.7772 76.3429 76.0736 75.9291 75.7195 75.3897 75.0699 74.7449 74.3624 73.8348 73.2073 72.3847 71.3796 70.282 69.2146 68.125 67.2555 66.411 65.5688 64.5885
