depth-data/MillBrook/outs/Millbrock2_10m_WDraster_PEAK.asc
ncols 		200
nrows 		200
xllcorner 	241000
yllcorner 	51000
cellsize 	10
NODATA_value 		-9999
[rows 78 to 103 of 200, columns 60 to 119 of 200]
0.0262914 0.0286436 0.0227447 0.0178918 0.0142783 0.0135278 0.0132261 0.0117468 0.0236881 0.162374 0.0250504 0.0245812 0.0238918 0.0229673 0.0218486 0.020519 0.0189215 0.01698 0.0145867 0.0115419 0.0070898 0.00885958 0.0140049 0.0120363 0.0118973 0.0124884 0.0133241 0.0142253 0.0151157 0.0159529 0.0167135 0.0173911 0.0179945 0.0185428 0.0190598 0.0195672 0.0200813 0.0206113 0.0211593 0.0217224 0.0222955 0.0228723 0.0234472 0.0240157 0.0245724 0.0251101 0.0256201 0.026096 0.0265093 0.0267878 0.0268443 0.0266039 0.0260019 0.0250449 0.0237548 0.0222335 0.0205079 0.0187313 0.0170718 0.0156479
0.0176082 0.0144193 0.0195717 0.0192188 0.0174807 0.0111251 0.0351409 0.0269005 0.0256793 0.165107 0.0250831 0.0244343 0.0235767 0.022509 0.0212416 0.0197478 0.0179791 0.0158741 0.0133441 0.0102058 0.00573809 0.00874351 0.0126158 0.0129698 0.0131826 0.0135518 0.0141145 0.0148074 0.0155623 0.016325 0.0170573 0.0177371 0.0183576 0.0189241 0.0194504 0.0199534 0.0204491 0.0209498 0.0214623 0.0219887 0.0225273 0.0230743 0.0236251 0.0241749 0.024719 0.0252512 0.0257643 0.0262514 0.026695 0.0270509 0.0272545 0.0272383 0.0269393 0.0263315 0.0254147 0.024238 0.0228411 0.0213142 0.0197773 0.0183425
0.0248186 0.0208263 0.0206375 0.0349787 0.0304893 0.0291146 0.0311289 0.0293849 0.0279014 0.168037 0.0249664 0.0241591 0.0231562 0.0219578 0.0205624 0.0189496 0.0170947 0.0149813 0.0126156 0.0100675 0.00764268 0.00648384 0.0110258 0.0128061 0.0136974 0.0142905 0.0148385 0.0154291 0.0160726 0.016748 0.0174264 0.0180828 0.0187011 0.0192762 0.0198118 0.0203177 0.0208064 0.0212896 0.0217766 0.0222728 0.02278 0.0232972 0.0238216 0.0243496 0.0248769 0.0253983 0.0259077 0.0263987 0.0268594 0.0272619 0.0275608 0.0277009 0.0276249 0.0272932 0.0266876 0.0258237 0.0247292 0.0234611 0.0221028 0.0207471
0.0276472 0.0288149 0.0358517 0.0391322 0.0496266 0.0537023 0.0325093 0.0312541 0.0299073 0.171135 0.0247275 0.0237835 0.0226589 0.0213555 0.0198731 0.0182074 0.0163629 0.0143647 0.012268 0.0101571 0.00806942 0.00548595 0.00984546 0.0122445 0.0136961 0.014643 0.015351 0.0159712 0.0165774 0.0171944 0.0178199 0.0184404 0.0190413 0.0196129 0.0201519 0.0206613 0.0211486 0.021623 0.0220935 0.0225671 0.0230481 0.023538 0.0240363 0.0245409 0.0250485 0.0255551 0.0260556 0.0265442 0.0270122 0.0274415 0.0278006 0.0280471 0.0281321 0.028013 0.0276607 0.0270693 0.0262502 0.0252364 0.0240841 0.0228643
0.0411137 0.0357913 0.0374897 0.027026 0.0207367 0.0161437 0.0363565 0.0483949 0.0563597 0.129377 0.132543 0.0233387 0.0221216 0.0207498 0.0192313 0.0175788 0.0158177 0.0139885 0.0121366 0.0102711 0.00825068 0.00541289 0.0144505 0.00824809 0.012171 0.0141472 0.0153721 0.0162442 0.0169523 0.0175908 0.0182019 0.0187989 0.0193807 0.0199419 0.020478 0.0209882 0.0214756 0.0219461 0.022407 0.022865 0.0233257 0.0237924 0.0242667 0.0247481 0.0252348 0.0257239 0.0262115 0.0266927 0.0271608 0.0276035 0.0279992 0.0283161 0.0285147 0.0285551 0.0284037 0.028042 0.0274666 0.0266926 0.0257544 0.0247027
0.00615737 0.022175 0.0138135 0.0123184 0.00828733 0.00627085 0.00554695 0.0132262 0.00877192 0.122791 0.176986 0.0228595 0.0215849 0.0201877 0.0186865 0.0171082 0.0154917 0.0138866 0.0123459 0.0109215 0.0096971 0.00894867 0.00943697 0.00992234 0.0119451 0.0137954 0.0152245 0.0163103 0.0171673 0.0178871 0.0185308 0.0191326 0.0197081 0.0202616 0.0207931 0.0213019 0.021789 0.0222578 0.0227132 0.0231612 0.0236073 0.0240557 0.0245093 0.0249692 0.0254352 0.0259056 0.0263778 0.0268478 0.0273106 0.0277574 0.0281733 0.028535 0.0288117 0.0289687 0.0289727 0.0287986 0.0284328 0.0278765 0.0271471 0.0262774
0.00903488 0.0176433 0.0164256 0.0151614 0.0130409 0.0112213 0.0184312 0.0165037 0.0227159 0.0374476 0.236882 0.0821663 0.0210876 0.0197091 0.0182732 0.0168152 0.0153768 0.014001 0.0127205 0.0115416 0.0104169 0.00914449 0.0068166 0.00963413 0.0117142 0.013517 0.0150261 0.0162523 0.0172464 0.0180705 0.01878 0.0194163 0.0200056 0.0205626 0.0210939 0.0216023 0.0220893 0.0225575 0.0230104 0.0234524 0.0238885 0.0243232 0.02476 0.0252013 0.025648 0.0260999 0.0265554 0.0270119 0.0274654 0.0279098 0.0283345 0.0287228 0.0290513 0.0292912 0.0294122 0.0293872 0.0291966 0.0288316 0.0282964 0.0276094
0.011236 0.0154525 0.0165063 0.0164129 0.0154446 0.0141976 0.013185 0.012894 0.0130384 0.0287229 0.126376 0.148327 0.0206354 0.019283 0.0178796 0.0164144 0.0148161 0.0128504 0.00974081 0.0149661 0.00769345 0.00956452 0.00945078 0.0105215 0.0119665 0.0134842 0.0149111 0.0161707 0.0172478 0.018162 0.0189466 0.0196358 0.0202579 0.0208327 0.021373 0.0218857 0.0223752 0.0228446 0.0232969 0.023736 0.024166 0.0245911 0.0250151 0.025441 0.0258708 0.0263054 0.0267442 0.0271858 0.0276275 0.028065 0.0284908 0.0288929 0.0292538 0.0295507 0.0297574 0.0298478 0.0297995 0.0295975 0.0292366 0.0287235
0.0130195 0.0149278 0.016307 0.0169029 0.016742 0.0161061 0.0103532 0.0109729 0.0116549 0.0322657 0.087288 0.30247 0.0201779 0.018794 0.0172872 0.0155443 0.0132816 0.00966858 0.00917248 0.013201 0.0117135 0.0115684 0.0114494 0.0118382 0.0126747 0.0137825 0.0149874 0.0161645 0.0172456 0.0182064 0.0190502 0.0197939 0.0204584 0.0210628 0.021622 0.0221464 0.022643 0.0231167 0.0235711 0.0240099 0.0244369 0.024856 0.0252709 0.025685 0.0261007 0.0265198 0.0269429 0.0273696 0.0277982 0.0282259 0.0286474 0.0290543 0.0294338 0.029768 0.0300355 0.0302125 0.0302768 0.0302099 0.0300006 0.0296464
0.0145286 0.0153403 0.0163955 0.0171835 0.0174854 0.0173386 0.0149774 0.00972679 0.0106167 0.0100213 0.0637694 0.153017 0.102446 0.0181724 0.0164678 0.0143734 0.011538 0.00692986 0.00929425 0.0122494 0.0127513 0.0129298 0.0129663 0.0131544 0.013623 0.0143642 0.0152921 0.0163018 0.0173083 0.0182579 0.019126 0.0199084 0.0206126 0.0212509 0.0218359 0.0223789 0.0228883 0.0233705 0.0238303 0.0242719 0.0246989 0.0251152 0.0255244 0.0259299 0.0263346 0.0267408 0.0271499 0.0275623 0.0279775 0.0283938 0.0288077 0.0292133 0.0296013 0.0299584 0.0302671 0.0305074 0.0306583 0.0307004 0.0306189 0.0304053
0.0158522 0.0161714 0.0168295 0.0175271 0.0180091 0.0181748 0.0171973 0.0146945 0.00957098 0.00688217 0.0645794 0.118782 0.125485 0.173975 0.0155465 0.0132185 0.010186 0.00567013 0.00894686 0.0177565 0.00851719 0.0118268 0.0131494 0.0138439 0.0143935 0.0150056 0.0157408 0.0165792 0.0174692 0.0183592 0.0192117 0.0200062 0.0207359 0.0214033 0.0220155 0.022581 0.0231078 0.0236028 0.0240718 0.0245193 0.0249494 0.025366 0.0257727 0.0261728 0.0265696 0.0269656 0.0273628 0.0277624 0.0281647 0.0285691 0.0289734 0.0293737 0.0297635 0.0301327 0.030468 0.0307527 0.0309682 0.0310959 0.0311194 0.0310263
0.0170438 0.0171477 0.0175096 0.0180208 0.0185017 0.0188161 0.0185142 0.0172611 0.0146851 0.0123685 0.00831376 0.139477 0.0609865 0.306872 0.014778 0.0125465 0.0100629 0.00765846 0.00658024 0.0142358 0.0125671 0.0129549 0.0137503 0.0144534 0.015048 0.0156234 0.0162509 0.016956 0.0177266 0.0185312 0.0193359 0.0201139 0.0208487 0.0215332 0.0221672 0.0227545 0.0233007 0.0238117 0.024293 0.0247497 0.025186 0.0256059 0.0260131 0.026411 0.0268028 0.0271914 0.0275792 0.0279679 0.0283586 0.0287514 0.0291454 0.029538 0.0299248 0.0302988 0.0306496 0.0309639 0.0312261 0.0314191 0.0315264 0.048827
0.0181326 0.0181464 0.0183238 0.018655 0.0190486 0.0193928 0.0194188 0.0188527 0.0174417 0.0157457 0.013399 0.612126 0.0545403 0.106945 0.108184 0.0122341 0.0101622 0.0080892 0.00552508 0.0117788 0.0129333 0.0136483 0.0143608 0.0150325 0.0156363 0.0162006 0.016773 0.0173887 0.018059 0.0187744 0.0195134 0.0202522 0.020971 0.0216565 0.022302 0.0229058 0.0234696 0.0239973 0.0244931 0.0249615 0.0254067 0.0258327 0.0262432 0.0266417 0.0270315 0.0274156 0.0277966 0.0281767 0.0285574 0.0289397 0.0293233 0.0297071 0.0300882 0.0304617 0.03082 0.0311528 0.0314472 0.0469497 0.0403023 0.0245029
0.0191335 0.0191157 0.0191905 0.0193852 0.0196701 0.019976 0.0201394 0.019953 0.0192116 0.0180789 0.016499 0.121491 0.143382 0.0644827 0.16829 0.0121077 0.0102432 0.00817208 0.00511629 0.0101951 0.012448 0.0159076 0.013572 0.0149534 0.015884 0.0165975 0.0172158 0.0178113 0.0184242 0.0190689 0.0197421 0.0204304 0.0211173 0.0217882 0.0224324 0.0230439 0.0236205 0.0241627 0.0246728 0.025154 0.0256101 0.0260445 0.026461 0.0268628 0.0272533 0.0276356 0.0280124 0.0283863 0.0287591 0.0291323 0.0295064 0.0298812 0.0302551 0.0306248 0.030985 0.031328 0.0316434 0.0193624 0.0321404 0.0289043
0.0200535 0.0200337 0.0200592 0.0201647 0.0203534 0.0205939 0.0207914 0.0208003 0.0204559 0.0197598 0.0186953 0.0191896 0.151879 0.0536337 0.0864525 0.0875587 0.0102835 0.00817205 0.00497131 0.00924804 0.011827 0.0146847 0.0147796 0.0154706 0.0162477 0.0169635 0.0176063 0.0182048 0.0187919 0.0193903 0.0200094 0.0206471 0.0212941 0.0219388 0.0225699 0.0231791 0.0237609 0.024313 0.0248351 0.0253287 0.0257962 0.0262406 0.0266649 0.0270723 0.027466 0.0412624 0.152884 0.0174417 0.024244 0.0271258 0.0286337 0.029543 0.0301725 0.0306653 0.031087 0.0314653 0.0470692 0.0366151 0.0346915 0.032201
0.0208961 0.0208911 0.0209008 0.0209559 0.0210738 0.0212479 0.0214294 0.0215237 0.0214065 0.0210201 0.0306092 0.0187525 0.1109 0.0970448 0.127363 0.0640014 0.0106473 0.00903695 0.00748931 0.00672491 0.0106393 0.0135588 0.0148208 0.0157409 0.0165528 0.0172872 0.0179517 0.018563 0.0191444 0.019718 0.0202991 0.0208939 0.0215008 0.0221133 0.0227226 0.0233202 0.0238991 0.0244547 0.0249847 0.0254883 0.0259665 0.0264211 0.0268544 0.0272691 0.027668 0.0170192 0.0390294 0.0307937 0.0280406 0.0278851 0.0305435 0.0283067 0.0295347 0.0303748 0.0309955 0.0314886 0.0192708 0.0297377 0.032572 0.032633
0.0216647 0.0216846 0.0216992 0.0217329 0.0218063 0.0219265 0.0220738 0.0221924 0.0221951 0.0220123 0.0137192 0.0170002 0.0812566 0.0896315 0.128973 0.106103 0.0112817 0.0101189 0.00914094 0.00840384 0.00741527 0.0118382 0.0141027 0.0155482 0.0166133 0.017475 0.0182107 0.0188628 0.0194616 0.0200321 0.0205935 0.0337667 0.0287023 0.0259794 0.0247573 0.0244 0.024498 0.024818 0.0252363 0.0256904 0.0261498 0.0266003 0.0270361 0.0274558 0.0278598 0.0235515 0.0326308 0.0319806 0.0303548 0.0294294 0.0302622 0.0295807 0.0298321 0.0303734 0.0459832 0.0192708 0.0197194 0.0256397 0.0296213 0.0513615
0.0223634 0.0224141 0.0224465 0.0224788 0.0225302 0.0226137 0.0227264 0.0228397 0.0228974 0.0228383 0.0193883 0.0286204 0.085524 0.0963306 0.108029 0.146513 0.0117854 0.0105834 0.00907192 0.00632465 0.00825333 0.0124568 0.0128593 0.0149094 0.0163526 0.0174465 0.0183252 0.0190652 0.030278 0.036846 0.0302954 0.0185669 0.0246041 0.0375959 0.0321877 0.0288898 0.0271067 0.0263104 0.0261015 0.0262168 0.0264991 0.0268605 0.0272539 0.0276552 0.0280528 0.0262358 0.0299086 0.0312248 0.031055 0.030522 0.0306579 0.0303931 0.0303825 0.0306435 0.0393938 0.0315245 0.026713 0.0264977 0.0283999 0.0433124
0.0229977 0.0230819 0.0231395 0.0231838 0.0232307 0.0232944 0.0233805 0.0234782 0.0235547 0.0235643 0.0219901 0.0137063 0.00903121 0.129698 0.120906 0.106667 0.0117517 0.0099265 0.00664019 0.00792452 0.00925101 0.0118328 0.0130996 0.0216495 0.027633 0.032762 0.0270115 0.0237939 0.0147531 0.00960285 0.0231961 0.0214378 0.0234503 0.0145529 0.0255519 0.027582 0.0276462 0.0272931 0.0399045 0.0161675 0.0224334 0.0250993 0.0265178 0.0273968 0.0280224 0.0274489 0.0289932 0.0304012 0.0309923 0.03102 0.0311005 0.031011 0.0309608 0.0310638 0.0737779 0.0453454 0.0376105 0.062169 0.0727814 0.0439412
0.0235738 0.0236918 0.0237784 0.023843 0.0238979 0.023956 0.0240267 0.0241092 0.0241874 0.024231 0.0235078 0.0197912 0.0161052 0.146358 0.0728807 0.126581 0.0117655 0.0100008 0.00784137 0.00610508 0.00905725 0.0114316 0.0130437 0.00867371 0.00645082 0.00547255 0.0203327 0.0225265 0.0195603 0.025053 0.024493 0.0233918 0.023781 0.0202384 0.0234401 0.0259333 0.0271133 0.0275057 0.0345928 0.0275489 0.0254741 0.025616 0.0263886 0.027204 0.0279133 0.0279779 0.0287768 0.0298756 0.0307048 0.0311235 0.0313701 0.0314485 0.0314629 0.0329848 0.0273953 0.0490932 0.0614406 0.0450587 0.030702 0.198361
0.0240982 0.0242486 0.0243654 0.0244549 0.0245261 0.0245898 0.0246558 0.0247287 0.0248029 0.024861 0.0245428 0.0226961 0.0201628 0.164196 0.0797196 0.0980802 0.00998395 0.013504 0.00811672 0.00533535 0.008727 0.0110981 0.0128739 0.0118499 0.0105738 0.0095863 0.0165926 0.0202561 0.0203456 0.0127577 0.0201081 0.0222126 0.0233797 0.0222641 0.0232309 0.0249648 0.0405403 0.0493202 0.0428813 0.0363898 0.0317426 0.0291513 0.0281042 0.0279544 0.0282264 0.028393 0.0288704 0.0296539 0.030452 0.031051 0.0314681 0.0317129 0.0318416 0.0311828 0.0190898 0.0198265 0.0124574 0.00835795 0.0309121 0.19594
0.0245772 0.0247575 0.024904 0.0250203 0.0251129 0.0251899 0.0252604 0.0253309 0.0254021 0.0254658 0.0253437 0.024412 0.0227844 0.133309 0.144132 0.0716633 0.0119011 0.012035 0.00816623 0.00504804 0.00847567 0.0108314 0.0126761 0.0130181 0.0126442 0.0120592 0.0151526 0.0184066 0.0198512 0.0172752 0.0192185 0.0211916 0.0226974 0.0228592 0.0377767 0.0323726 0.0197941 0.0124409 0.032357 0.0346721 0.0334843 0.0316606 0.0302141 0.0293888 0.0290966 0.0290302 0.0292309 0.0297183 0.0303559 0.0309676 0.0314758 0.0318479 0.0320956 0.0507915 0.0390646 0.0314704 0.0245663 0.175799 0.369026 0.315398
0.025016 0.0252236 0.0253981 0.0255416 0.025658 0.0257535 0.0258353 0.0259104 0.0259825 0.0260494 0.0387377 0.0327531 0.028575 0.0984498 0.176559 0.052712 0.0123608 0.0112143 0.00816268 0.00494794 0.00831914 0.0106359 0.0124943 0.0134751 0.0137645 0.013649 0.0150484 0.0173509 0.0191174 0.0187033 0.0194215 0.0207526 0.0221423 0.0350143 0.0213596 0.0278137 0.0404934 0.0442667 0.0390471 0.0371471 0.0355937 0.0339297 0.0323834 0.0311883 0.0304312 0.0300122 0.0298976 0.0300791 0.0304846 0.0379418 0.0351094 0.033761 0.0457733 0.0277658 0.0471717 0.118014 0.270275 0.495237 0.709028 1.47432
0.0254192 0.0256515 0.025852 0.0260216 0.0261628 0.0262796 0.0263776 0.0264631 0.0265408 0.0266121 0.0164003 0.026424 0.0278233 0.0928647 0.175711 0.0718875 0.0156586 0.0172919 0.0213372 0.00491405 0.00823028 0.0105031 0.012347 0.0136311 0.0143597 0.014655 0.0154578 0.0169757 0.0185677 0.0314476 0.037992 0.0310679 0.0273427 0.0168286 0.0197007 0.0395921 0.0240807 0.0149198 0.0302036 0.0341176 0.0350913 0.0347452 0.0338248 0.0327828 0.0318857 0.0312248 0.0308328 0.0307229 0.0308667 0.0269452 0.0342404 0.0472188 0.00355626 0.167364 0.00355626 0.173616 0.519382 0.829262 0.611508 0.281986
0.0257897 0.0260447 0.0262692 0.0264636 0.0266293 0.0267687 0.0268859 0.0269861 0.0270739 0.0271524 0.0229115 0.0250791 0.0268055 0.0696102 0.191831 0.0528845 0.0125035 0.00450179 0.00355626 0.0063465 0.00931095 0.0103088 0.0121922 0.0136401 0.014651 0.0152669 0.0159449 0.017008 0.0303653 0.0186084 0.0117642 0.0241463 0.042532 0.0473222 0.0368667 0.0224597 0.0236489 0.0202854 0.0261267 0.0306949 0.0332203 0.0342259 0.0342589 0.033767 0.0330844 0.0324184 0.047573 0.056651 0.06382 0.0496714 0.0409569 0.168629 0.10207 0.0597489 0.132734 0.415339 0.5788 1.11693 0.0740903 0.019913
0.0261286 0.0264054 0.0266526 0.0268705 0.0270598 0.0272221 0.0273602 0.0274779 0.0275794 0.0276684 0.0257482 0.0257444 0.0265969 0.0534984 0.200083 0.0391825 0.0109587 0.00647779 0.00450179 0.00718322 0.00945368 0.0108344 0.0172279 0.0106388 0.0135404 0.0150581 0.0238637 0.029781 0.0182637 0.0189107 0.0307652 0.0403999 0.024562 0.0152008 0.0288056 0.0261817 0.0252874 0.0233142 0.0251043 0.028354 0.0311598 0.0329784 0.0338618 0.0340488 0.0338069 0.033361 0.0203785 0.0127754 0.00852859 0.0366498 0.0980626 0.117662 0.378951 0.0798208 0.324699 0.393744 0.839851 0.127605 0.0374975 0.0213204
