depth-data/MillBrook/outs/Millbrock2_10m_WDraster_7200.asc
ncols 		200
nrows 		200
xllcorner 	241000
yllcorner 	51000
cellsize 	10
NODATA_value 		-9999
[rows 52 to 77 of 200, columns 57 to 113 of 200]
0.00423749 0.00460376 0.00479658 0.00482097 0.00474379 0.0136841 0.0104026 0.00736624 0.00757225 0.00758635 0.00723272 0.00669267 0.00624943 0.00585893 0.00563956 0.00540261 0.00507691 0.00466567 0.00416106 0.00356445 0.00298761 0.00312001 0.00172035 0.00259118 0.00315511 0.00153382 0.00140775 0.0014278 0.00140009 0.00121167 0.00101241 0.000931314 0.00048797 0.000334527 0.000804915 0.00100616 0.00111792 0.001183 0.000905564 0.00075141 0.00120505 0.00130657 0.000969718 0.000781058 0.000680413 0.000630672 0.0010984 0.00220421 0.00275354 0.00301413 0.00311164 0.00309834 0.0030172 0.00292369 0.00284632 0.00279287 0.00276078
0.00413895 0.00456994 0.00487274 0.00503211 0.00507388 0.0156935 0.0112746 0.00705841 0.00889592 0.00752908 0.00712291 0.00665837 0.0062733 0.00594836 0.00568977 0.00538681 0.0050072 0.00455858 0.00405364 0.0035301 0.00307176 0.00272862 0.00164628 0.000945127 0.00124583 0.0011179 0.000719982 0.000831778 0.00103119 0.000824854 0.000334527 0.00150954 0.00140953 0.00048797 0.000978878 0.00126965 0.00145983 0.00158553 0.00155447 0.00148936 0.00107705 0.000842421 0.001181 0.00126921 0.00128885 0.00128803 0.000959934 0.00254389 0.00283339 0.00285932 0.00279427 0.00265497 0.00248716 0.00237368 0.00231346 0.00228725 0.00227875
0.00398488 0.00447954 0.00486815 0.00513538 0.00528718 0.0120246 0.0140261 0.0135375 0.00762159 0.00553121 0.00993409 0.00665618 0.00630782 0.00599588 0.00569428 0.00534203 0.00492864 0.00446692 0.00397619 0.00348471 0.00301095 0.0024941 0.0016727 0.00115106 0.000762625 0.000905419 0.00117357 0.00102408 0.000574418 0.000548223 0.00048797 0.00140317 0.00165892 0.00150205 0.0015297 0.00165844 0.00180843 0.00194183 0.00199872 0.0020026 0.00185907 0.0017021 0.00171125 0.00174912 0.00344126 0.00284387 0.00381798 0.00309439 0.00269931 0.00245046 0.00227098 0.00202173 0.00179686 0.00175589 0.00176636 0.00178232 0.00179358
0.00378318 0.00433836 0.00479868 0.00515412 0.00540271 0.00956373 0.0197269 0.0109986 0.0069731 0.00584091 0.00623656 0.0109613 0.00633111 0.00600812 0.00566896 0.00528313 0.0048518 0.00438911 0.00391139 0.00343226 0.00294832 0.00242727 0.00186371 0.00157299 0.00146417 0.00150686 0.00150371 0.00130848 0.00104392 0.000877374 0.000548223 0.00134678 0.00175907 0.00187821 0.00195329 0.00204892 0.00216586 0.00228705 0.00237575 0.00242395 0.00238857 0.00230486 0.0022594 0.00224811 0.002262 0.00278465 0.00182934 0.00126785 0.00161773 0.00161244 0.00153196 0.00109201 0.000842048 0.00117349 0.00126093 0.00128219 0.00128352
0.00365431 0.00420243 0.00469782 0.00511512 0.00544192 0.00798314 0.021341 0.0118104 0.00432493 0.00531612 0.0104809 0.00671521 0.0108655 0.00599443 0.00562664 0.00522059 0.00478298 0.00432696 0.00386513 0.00340628 0.00295374 0.00251857 0.00216192 0.0019988 0.00193311 0.00189374 0.00178403 0.00156984 0.00131677 0.00104392 0.000574418 0.00131636 0.00180058 0.00207471 0.00224492 0.00237605 0.00249759 0.00261638 0.00271871 0.0027938 0.00281697 0.00279195 0.00275768 0.00273303 0.00179986 0.00256907 0.00245291 0.0021898 0.0014777 0.00106277 0.0008262 0.00122786 0.00130938 0.00096653 0.000776774 0.000677471 0.000629225
0.00361871 0.0041108 0.00460031 0.00504768 0.0054289 0.00701121 0.0162647 0.0143981 0.0109693 0.00940913 0.0096356 0.0144866 0.00898034 0.00596451 0.00557802 0.00516334 0.00472966 0.00428933 0.00385428 0.00343608 0.00304965 0.00272247 0.00249575 0.00238197 0.00230436 0.00221044 0.00206068 0.00186362 0.00166983 0.00151501 0.00143772 0.00154146 0.00125701 0.0019606 0.0023352 0.00257711 0.00275559 0.00290232 0.00302548 0.00312384 0.00318524 0.00320545 0.00319994 0.00318508 0.00281456 0.00290526 0.00289968 0.0027841 0.00246004 0.00213731 0.00186925 0.00181587 0.00181561 0.00169856 0.00157417 0.00147243 0.00139844
0.00363233 0.00406586 0.00452585 0.00497588 0.00538687 0.00643024 0.0126638 0.0137156 0.012588 0.0113012 0.0185181 0.0118603 0.00779881 0.00592797 0.00553295 0.0051206 0.00470152 0.00428827 0.00389404 0.0035335 0.00322444 0.00298613 0.00282701 0.00272391 0.00262502 0.00250114 0.00234261 0.00216805 0.00200654 0.00186645 0.00173165 0.00153653 0.000943912 0.00179369 0.00231141 0.00266719 0.00292591 0.00312509 0.00328437 0.00341206 0.00350625 0.00356397 0.00359092 0.00359753 0.00343738 0.00338763 0.00335757 0.00328945 0.00311412 0.00288544 0.00264998 0.00248991 0.00239663 0.0022975 0.00219352 0.0020963 0.00201387
0.00381858 0.00412778 0.0045135 0.00493067 0.0053422 0.0060873 0.0101748 0.0122502 0.0125753 0.0121191 0.0236803 0.00997358 0.00709136 0.00589429 0.00550111 0.00510195 0.00470838 0.00433334 0.00399024 0.00369256 0.00345172 0.00327176 0.00314164 0.00303344 0.00291587 0.00277572 0.00261446 0.00244477 0.00227394 0.00208794 0.00184839 0.00147799 0.000767881 0.00164056 0.00223576 0.00267993 0.00301775 0.00327984 0.00348725 0.00365296 0.00378191 0.00387495 0.00393513 0.00396886 0.00391224 0.00385872 0.00381576 0.0037613 0.00365326 0.00349447 0.00330625 0.00313304 0.00299598 0.00287752 0.00276825 0.00266763 0.00257848
0.00424035 0.00436469 0.00461889 0.00495544 0.00532924 0.00589553 0.00851857 0.0107332 0.0118514 0.0121436 0.0274576 0.00867626 0.00668559 0.00587275 0.0054916 0.0051158 0.00475711 0.00442757 0.00413816 0.00389692 0.0037059 0.00355789 0.00343558 0.00331641 0.00318275 0.00302926 0.00285813 0.00267248 0.00246567 0.00221536 0.00188427 0.00141554 0.000673066 0.00151826 0.00352553 0.00176946 0.00270242 0.00321523 0.0035579 0.00380636 0.00399265 0.00413123 0.00423022 0.00429656 0.00430362 0.00428175 0.00424967 0.00420696 0.00413427 0.00402316 0.00387893 0.00372359 0.0035779 0.00344584 0.00332574 0.00321658 0.00311892
0.00479394 0.00476184 0.00486736 0.00508724 0.00538445 0.00581909 0.00747798 0.00943099 0.0108766 0.0116864 0.0303964 0.00782814 0.00646574 0.00587174 0.00551185 0.00516754 0.00484941 0.00456679 0.00432593 0.00412813 0.00396796 0.00383316 0.00370705 0.00357364 0.00342278 0.00325116 0.00305727 0.00283557 0.00257037 0.002232 0.00176846 0.00103205 0.00115232 0.00159676 0.00297368 0.00267389 0.00289952 0.00326818 0.0036184 0.00391234 0.00414892 0.00433443 0.00447558 0.00457881 0.00463448 0.00465227 0.00464582 0.00462182 0.00457479 0.00449809 0.00439083 0.00426248 0.00412723 0.00399446 0.00386865 0.00375192 0.0036457
0.00533538 0.00523145 0.00522673 0.00533083 0.00553045 0.00584832 0.00688593 0.00843275 0.00990076 0.0109921 0.0327596 0.00730568 0.0063621 0.00589783 0.00556632 0.00525822 0.00498156 0.00474157 0.0045392 0.00437018 0.00422508 0.00409081 0.00395364 0.00380238 0.00363008 0.00343257 0.00320432 0.00293473 0.00260521 0.00218756 0.00163648 0.000818272 0.00127193 0.00314257 0.00194176 0.00255785 0.00294452 0.00331564 0.00367106 0.00399081 0.00426504 0.00449213 0.00467445 0.00481616 0.00491449 0.00497277 0.00499911 0.00500078 0.00497887 0.00493089 0.00485518 0.00475527 0.00463949 0.00451647 0.00439293 0.00427353 0.00416151
0.00577206 0.00568008 0.00562976 0.00565361 0.00576319 0.00597599 0.00661577 0.00774912 0.00905867 0.0102354 0.0347167 0.00700933 0.00633573 0.00595483 0.00565573 0.00538453 0.00514572 0.00494016 0.00476439 0.00461079 0.00446866 0.00432619 0.00417256 0.00399952 0.00380121 0.00357243 0.00330614 0.00299235 0.00261897 0.00217645 0.00167023 0.0011679 0.000953503 0.00387127 0.00133378 0.00227593 0.00284531 0.00329464 0.00368783 0.00403831 0.00434618 0.00461033 0.00483119 0.00501086 0.00514889 0.00524665 0.00530871 0.00534081 0.00534636 0.00532591 0.00527898 0.00520699 0.00511456 0.00500808 0.00489405 0.00477814 0.00466491
0.00606607 0.0060453 0.00601049 0.00600402 0.00605384 0.00618354 0.00657016 0.00735041 0.0084152 0.00953357 0.0363903 0.00686614 0.00636518 0.00604327 0.00577716 0.0055398 0.00533198 0.0051509 0.00499024 0.004841 0.00469291 0.00453601 0.00436185 0.00416392 0.00393705 0.00367616 0.00337546 0.0030291 0.0026338 0.00219367 0.00172673 0.00126441 0.000775698 0.00305987 0.00260093 0.00265871 0.00296201 0.00333607 0.0037151 0.00407498 0.00440453 0.0046978 0.00495209 0.00516699 0.00534201 0.00547751 0.00557584 0.00564095 0.00567643 0.00568433 0.0056655 0.00562101 0.00555361 0.00546772 0.0053687 0.00526203 0.00515282
0.00621184 0.00629638 0.00632234 0.00633255 0.00636202 0.00644039 0.00667137 0.00718368 0.0079879 0.00895801 0.0378814 0.00713111 0.00643758 0.00616059 0.00592486 0.0057155 0.00553019 0.00536361 0.00520808 0.00505459 0.00489408 0.00471841 0.00452097 0.00429654 0.00404081 0.0037497 0.00341941 0.00304703 0.00263125 0.0021702 0.00164718 0.000947559 0.00114468 0.00255777 0.00279213 0.00293593 0.0031545 0.00344782 0.00378127 0.00412463 0.00445754 0.00476728 0.00504638 0.00529102 0.00549903 0.00566947 0.00580301 0.00890363 0.00766518 0.00693295 0.00651098 0.00626043 0.00609503 0.00596699 0.00585267 0.00574208 0.00563241
0.0062145 0.00642201 0.00653824 0.0118208 0.00970955 0.00842386 0.00776767 0.0076437 0.0079781 0.00864273 0.0392874 0.00712438 0.00654361 0.00630178 0.00609142 0.00590273 0.00573118 0.00557013 0.00541164 0.0052475 0.00507007 0.00487286 0.00465071 0.00439957 0.0041161 0.0037974 0.00344107 0.00304506 0.0026065 0.00211684 0.00154696 0.000770555 0.00124714 0.00225319 0.00275273 0.00305393 0.00330831 0.0035785 0.0038773 0.00419553 0.00451815 0.00483138 0.00512476 0.00539131 0.00562653 0.00582774 0.00599392 0.00373875 0.00625736 0.00677873 0.00681935 0.00671979 0.00658931 0.00646019 0.00633816 0.00622161 0.00610845
0.00625058 0.0105437 0.0128271 0.00783204 0.00898585 0.00886722 0.00849693 0.00824261 0.00827062 0.00861705 0.0406437 0.00713117 0.00667522 0.00646035 0.00626897 0.00609324 0.00592737 0.00576434 0.00559672 0.00541738 0.00522013 0.00499991 0.00475279 0.00447573 0.00416635 0.00382269 0.00344303 0.00302526 0.00256517 0.00205229 0.00145933 0.000676013 0.00127589 0.00207053 0.0026547 0.00307013 0.00339444 0.00368638 0.00397805 0.00427992 0.00458936 0.00489798 0.00519638 0.00547643 0.00573192 0.00595845 0.00615334 0.00529625 0.00597747 0.00656683 0.00686682 0.00696527 0.00695144 0.00688195 0.0067873 0.0066822 0.0065733
0.00641974 0.00580267 0.00361826 0.00632477 0.007949 0.0085807 0.00869655 0.00863094 0.00861086 0.0087713 0.0419468 0.00787932 0.00682478 0.0066293 0.00645007 0.00628002 0.00611291 0.00594201 0.00576075 0.00556324 0.00534458 0.00510095 0.00482946 0.00452799 0.00419494 0.00382902 0.00342894 0.00299264 0.00251595 0.00198985 0.0013927 0.000629031 0.00128075 0.00196155 0.00255533 0.00303464 0.00342269 0.00375517 0.00406248 0.00436351 0.00466576 0.00496851 0.00526658 0.00555329 0.00582223 0.00606805 0.00628677 0.00599326 0.00616128 0.00654154 0.00687833 0.00709253 0.00719215 0.00720826 0.00717033 0.00709986 0.00701087
0.00758681 0.00468777 0.004374 0.00562329 0.00706502 0.00802549 0.00852703 0.00873662 0.00883111 0.00895794 0.0335496 0.0301435 0.00747961 0.00776014 0.00842808 0.0096967 0.00628361 0.00610046 0.00590252 0.0056851 0.00544444 0.00517775 0.00488298 0.00455865 0.00420357 0.0038164 0.0033949 0.00293421 0.00242269 0.00182832 0.00101821 0.00112803 0.0014621 0.00196584 0.00250121 0.00299173 0.00341794 0.00378855 0.0041217 0.0044346 0.00473886 0.00503955 0.0053364 0.00562585 0.00590291 0.00616239 0.00639975 0.00637503 0.0064432 0.00666521 0.00694383 0.0107501 0.0134897 0.0156208 0.017444 0.0159962 0.0126325
1.02186 0.00925467 0.00747619 0.00679314 0.00709539 0.00773854 0.00830302 0.00868073 0.00891314 0.0090918 0.0251642 0.0279121 0.029985 0.0091311 0.0100091 0.00400344 0.00643663 0.00623809 0.00602147 0.00578305 0.00551989 0.00522963 0.00491009 0.00455853 0.00417023 0.00373535 0.00323109 0.00259785 0.00161574 0.00195687 0.00180762 0.00175247 0.00185195 0.00213794 0.00254551 0.00298807 0.00341371 0.00380394 0.00415948 0.00448903 0.00480227 0.0051062 0.00540396 0.00569521 0.00597722 0.00624599 0.00649726 0.0066095 0.00669926 0.00685355 0.00706892 0.00438015 0.00430788 0.00371398 0.00353459 0.0117915 0.017336
0.00196658 0.585833 0.00627384 0.00421231 0.00603339 0.00711136 0.0078947 0.00845707 0.00884568 0.00912583 0.0193355 0.024208 0.0382829 0.00717945 0.00352854 0.00564407 0.00656995 0.00635364 0.0061166 0.0058556 0.00556774 0.00524984 0.00489741 0.00450277 0.00405121 0.00351232 0.0028151 0.00171817 0.001899 0.00215287 0.00221299 0.00222288 0.0022714 0.00242659 0.00270159 0.00305705 0.00344306 0.00382556 0.00418915 0.00453105 0.00485476 0.00516536 0.00546679 0.0057607 0.00604647 0.00632174 0.0065832 0.0067682 0.00690473 0.00704916 0.00722796 0.0061771 0.00384532 0.00245174 0.00292192 0.0032802 0.00329135
0.0012072 0.00165637 0.277524 0.389961 0.00375641 0.00589622 0.0071429 0.00799226 0.00858943 0.00901871 0.0153791 0.0204993 0.0431459 0.00651825 0.00535658 0.00636328 0.00668174 0.00644542 0.00618573 0.00589936 0.00558259 0.00523043 0.00483529 0.00438483 0.00385845 0.00322072 0.00240419 0.00120178 0.00182746 0.0022199 0.00243461 0.00254821 0.00263012 0.00274456 0.00293359 0.0032019 0.00352594 0.00387557 0.00422804 0.0045711 0.00490075 0.0052176 0.00552388 0.00582147 0.00611091 0.00639124 0.00666027 0.00688537 0.00706483 0.00722578 0.00739466 0.00698678 0.00584856 0.00471468 0.00296941 0.00324799 0.00291356
0.00238067 0.00159192 0.00113047 0.00137936 0.363926 0.00367362 0.00589089 0.00719643 0.00808796 0.00872511 0.0127303 0.0172807 0.0463483 0.00656864 0.00627055 0.00674296 0.00676982 0.00651082 0.0062253 0.00590922 0.00555732 0.00516216 0.00471239 0.00418997 0.00356416 0.00277234 0.00160215 0.00165292 0.00196725 0.00231552 0.00258936 0.00277997 0.0029158 0.00303968 0.003193 0.00340024 0.00366288 0.00396622 0.00429105 0.00462166 0.00494846 0.00526715 0.0055768 0.00587787 0.00617083 0.00645541 0.00673033 0.00697845 0.00719064 0.00737599 0.00755208 0.00744266 0.0068699 0.00607984 0.00500201 0.00314031 0.00202975
0.000754363 0.00150639 0.0015783 0.00112233 0.000862376 0.352848 0.00366963 0.00592325 0.00726405 0.0081916 0.0109008 0.0146543 0.0486404 0.006855 0.00679683 0.00695874 0.00683146 0.00654653 0.0062312 0.00588035 0.00548722 0.00504243 0.00453271 0.00393882 0.00323128 0.00235629 0.00113152 0.00165159 0.00203701 0.00239461 0.00270338 0.00294856 0.00313693 0.00329189 0.00344435 0.00362175 0.00383912 0.00409699 0.00438584 0.00469291 0.00500702 0.0053206 0.00562951 0.00593199 0.00622741 0.00651531 0.0067948 0.00705675 0.00729213 0.00750108 0.00769244 0.00773406 0.00748275 0.00699085 0.00626184 0.00516793 0.00415601
0.00168763 0.0018375 0.00194542 0.00183106 0.00168291 0.00118211 0.439592 0.00368791 0.00597092 0.00734215 0.00947952 0.0125381 0.0503941 0.00715385 0.00711103 0.00708185 0.00686377 0.00654943 0.00620035 0.00581065 0.00537283 0.00487735 0.00431217 0.00366223 0.00290804 0.00201792 0.000860114 0.00155884 0.00203395 0.00243307 0.00277823 0.00306781 0.00330342 0.0034968 0.00366832 0.00384112 0.0040342 0.00425752 0.00451144 0.0047897 0.00508351 0.00538474 0.00568734 0.00598749 0.00628301 0.00657263 0.00685524 0.00712569 0.00737688 0.00760542 0.00781407 0.00793838 0.00787852 0.00761468 0.00714249 0.00641525 0.00559616
0.00239446 0.00236062 0.00238571 0.00234998 0.00226951 0.00204844 0.00213067 0.439237 0.00371509 0.00602763 0.0114668 0.0121665 0.0520414 0.00739309 0.00729533 0.007142 0.00686071 0.00650995 0.00611603 0.0056678 0.00514641 0.00451509 0.00368607 0.00234484 0.0028468 0.0026777 0.00223136 0.00214228 0.00229848 0.00257257 0.00288006 0.00317536 0.00343768 0.00366321 0.0038601 0.00404355 0.00423028 0.00443357 0.00466032 0.00491087 0.00518101 0.00546456 0.00575542 0.00604871 0.00634097 0.00662985 0.00691366 0.00718897 0.00745049 0.00769393 0.00791858 0.00809181 0.00814874 0.00804965 0.00777502 0.00729745 0.00667823
0.00298222 0.00290544 0.00287255 0.00283778 0.00278307 0.00266035 0.00175411 0.00122191 0.522431 0.00394398 0.00241312 0.00911249 0.0531864 0.00755919 0.00739124 0.00715038 0.006816 0.00642128 0.00597376 0.00545968 0.00485943 0.00414612 0.0032914 0.00232921 0.00185945 0.00384176 0.00149445 0.00206528 0.00239217 0.00268677 0.00298479 0.00327872 0.00355414 0.00380224 0.00402289 0.00422347 0.0044158 0.00461219 0.00482219 0.00505078 0.00529837 0.00556205 0.00583735 0.00611964 0.00640489 0.00668998 0.00697255 0.00724968 0.00751729 0.0077712 0.00800901 0.00821315 0.0083428 0.00835908 0.00823451 0.00794423 0.00750591
