depth-data/MillBrook/outs/Millbrock2_10m_WDraster_PEAK.asc
ncols 		200
nrows 		200
xllcorner 	241000
yllcorner 	51000
cellsize 	10
NODATA_value 		-9999
[rows 130 to 155 of 200, columns 60 to 119 of 200]
0.028153 0.029102 0.0296802 0.0299006 0.0298035 0.0294477 0.0289028 0.0282416 0.0275325 0.0268342 0.026194 0.0256503 0.0279986 0.0763897 0.079228 0.0450173 0.0458063 0.0576271 0.0406793 0.0320842 0.0386033 0.0185606 0.0142598 0.013512 0.0127356 0.0116526 0.0100052 0.00694225 0.0128315 0.0157987 0.0171626 0.101371 0.0992389 0.0813367 0.0703547 0.28168 0.00984087 0.0151904 0.0174708 0.00712808 0.0100727 0.0156063 0.018916 0.0218341 0.0244442 0.0259823 0.0253219 0.0243198 0.0232673 0.0221871 0.0210962 0.0200061 0.0189251 0.0178583 0.0168053 0.015761 0.0147151 0.0136519 0.0125463 0.0113507
0.0288596 0.0295057 0.0297391 0.0296092 0.0291859 0.0285511 0.0277904 0.0269843 0.0262005 0.02549 0.0248899 0.02443 0.0241385 0.0626631 0.0777447 0.043947 0.0279701 0.0699736 0.0673757 0.0183855 0.0137588 0.0211596 0.013698 0.012886 0.0122985 0.0115453 0.0105734 0.00971153 0.0154364 0.0172419 0.0174405 0.0171163 0.113885 0.112206 0.0963822 0.253898 0.226804 0.0107761 0.0126944 0.01555 0.0106307 0.00924341 0.0140995 0.0178318 0.0220219 0.0259917 0.0256375 0.0246496 0.0235851 0.0224716 0.0213319 0.0201791 0.0190248 0.0178774 0.0167404 0.0156108 0.0144799 0.0133349 0.0121609 0.010936
0.0293734 0.0296249 0.0294554 0.0289518 0.0282106 0.0273318 0.0264111 0.0255285 0.0247413 0.0240844 0.0235811 0.023254 0.0231307 0.0517447 0.071568 0.0547671 0.0461584 0.0615502 0.0687697 0.0212053 0.0180738 0.0157623 0.0131379 0.0119872 0.0114789 0.010812 0.00952537 0.0149715 0.0184512 0.0179114 0.0166155 0.0156948 0.0154924 0.125684 0.148943 0.10468 0.226504 0.00528337 0.00597446 0.00763739 0.0110781 0.00967485 0.00786292 0.0102172 0.0158649 0.0257003 0.0259492 0.0250017 0.0239454 0.0228132 0.0216363 0.0204289 0.0192047 0.0179757 0.0167496 0.015526 0.0142955 0.013041 0.011742 0.0103816
0.0295729 0.0293551 0.0287519 0.0278837 0.0268653 0.0258078 0.0248084 0.0239353 0.0232226 0.0226821 0.0223242 0.0221727 0.02226 0.0237773 0.0625776 0.0618589 0.0693098 0.0800286 0.0269181 0.0232222 0.0192564 0.0169912 0.0128358 0.0108639 0.0104308 0.0102384 0.0146379 0.0177869 0.0204918 0.0163149 0.0139556 0.0134132 0.0140536 0.0152501 0.169082 0.147746 0.219619 0.212599 0.147242 0.0786494 0.0309355 0.012977 0.014276 0.0173681 0.0212936 0.0247813 0.0262323 0.0253574 0.024336 0.0232026 0.0220044 0.0207555 0.0194697 0.0181622 0.0168456 0.0155246 0.0141913 0.0128216 0.0113753 0.00979247
0.0293266 0.0285973 0.0275707 0.0263882 0.0251692 0.0240289 0.0230553 0.0222874 0.0217218 0.0213456 0.0211688 0.0212304 0.021572 0.0245276 0.030588 0.0400693 0.0850135 0.087854 0.0296305 0.0259576 0.021996 0.0176126 0.0132091 0.00943295 0.00861195 0.0159317 0.0168676 0.019549 0.0220985 0.00807895 0.00908632 0.0112914 0.0133584 0.0152185 0.0887111 0.0864123 0.216538 0.13032 0.12821 0.0732248 0.0262993 0.0320079 0.0181641 0.0204322 0.022283 0.0224785 0.0264545 0.0256917 0.0247411 0.0236267 0.0224265 0.0211542 0.019821 0.0184428 0.0170369 0.0156158 0.0141789 0.0127029 0.0111373 0.009412
0.0285047 0.027274 0.025888 0.0244881 0.023179 0.0220802 0.0212529 0.0206805 0.0203116 0.0201229 0.0201512 0.0204673 0.0211138 0.0265163 0.0350749 0.0386833 0.0971852 0.0635395 0.0324185 0.0288234 0.0249429 0.0202185 0.0148873 0.00803883 0.012964 0.0197258 0.016756 0.0210887 0.00909706 0.00960144 0.00773604 0.0115604 0.0138552 0.0157675 0.0176075 0.0820505 0.197298 0.132304 0.163848 0.0981323 0.0175796 0.0239138 0.0393139 0.0206573 0.0200318 0.0163778 0.0265759 0.0259696 0.0251423 0.0240682 0.0228875 0.0216146 0.020255 0.0188212 0.017332 0.0158074 0.0142587 0.0126709 0.010974 0.00896793
0.0269978 0.0253488 0.0237316 0.022255 0.0209904 0.0200822 0.019524 0.0192072 0.0190411 0.0190363 0.0192966 0.019928 0.0209386 0.0303577 0.0413576 0.0416094 0.0769449 0.0745327 0.0352222 0.031738 0.0282906 0.0236205 0.0183232 0.0118896 0.0152071 0.0238283 0.0115139 0.00878763 0.00565709 0.00920881 0.0112807 0.0129346 0.0145999 0.0164212 0.0183602 0.111944 0.133552 0.0875956 0.207592 0.134286 0.121333 0.0272641 0.0296495 0.0489257 0.0321428 0.0400147 0.0265494 0.0261385 0.0255189 0.0245076 0.0233676 0.0221199 0.0207615 0.0192968 0.0177399 0.0161139 0.0144445 0.0127458 0.0110057 0.00920278
0.0247447 0.0228545 0.0211979 0.0198123 0.0187291 0.0181885 0.0179969 0.0179274 0.0179135 0.0180805 0.0186344 0.0196763 0.0211063 0.0367955 0.0494196 0.0415359 0.0742715 0.0584873 0.0379991 0.0344016 0.0317569 0.0272593 0.0221122 0.0188725 0.0168662 0.0147852 0.0122226 0.00902603 0.00692031 0.00982211 0.0114545 0.0130458 0.0149333 0.0170682 0.019259 0.0213192 0.147834 0.145363 0.144502 0.145846 0.145415 0.0979653 0.0538782 0.0331318 0.0299379 0.0269193 0.0263303 0.0261122 0.0258484 0.0249245 0.0238429 0.022646 0.0213209 0.0198599 0.0182648 0.0165508 0.014745 0.0128678 0.0108803 0.00856514
0.0217699 0.0199268 0.0184609 0.0173185 0.0165263 0.0165877 0.0167718 0.016828 0.0168718 0.0172426 0.0182295 0.019806 0.021669 0.0467116 0.0588649 0.0308736 0.0627704 0.0472383 0.0409198 0.0364602 0.0352224 0.0310042 0.0242518 0.0198618 0.0177732 0.0158679 0.0133826 0.0086778 0.00968257 0.0102566 0.0113143 0.0131306 0.0154993 0.0180363 0.020432 0.0225029 0.0241639 0.146145 0.143066 0.146198 0.159445 0.0809119 0.0470126 0.0355627 0.0287457 0.0268866 0.0259123 0.0257333 0.0261056 0.0253009 0.024289 0.0231636 0.0219036 0.0204878 0.0189005 0.0171395 0.0152263 0.013209 0.011128 0.00886059
0.0182445 0.0168457 0.0157488 0.0149137 0.0144791 0.0155255 0.0158537 0.0157771 0.015811 0.0165558 0.0182193 0.0204293 0.0226399 0.0244647 0.0609732 0.0461687 0.0392879 0.052464 0.0445845 0.0372912 0.0385712 0.0359793 0.0273263 0.0209794 0.018609 0.0170101 0.0156038 0.0130981 0.00857822 0.00884447 0.01064 0.0134279 0.0165152 0.0194028 0.0218448 0.0237546 0.025131 0.0260152 0.139772 0.136214 0.204493 0.103006 0.0454962 0.0407416 0.0478806 0.0272233 0.025443 0.0246841 0.026257 0.0256242 0.0246847 0.0236422 0.0224719 0.0211418 0.0196165 0.0178639 0.0158705 0.0136715 0.0113913 0.00920066
0.0146155 0.0140534 0.0132249 0.0126207 0.0126277 0.0153556 0.0150048 0.0144852 0.0146448 0.0161907 0.0188202 0.0216262 0.0239494 0.0255217 0.0353638 0.0597864 0.039711 0.0360415 0.0504441 0.0355744 0.0406456 0.04238 0.0318418 0.0223844 0.0192404 0.0173671 0.0167396 0.0151788 0.0129141 0.00655981 0.0104928 0.0145119 0.0181629 0.0211347 0.0233704 0.0249216 0.025877 0.0263327 0.0263819 0.210276 0.153821 0.136045 0.049435 0.0312073 0.0299056 0.0283058 0.0255322 0.02223 0.0262471 0.0258893 0.0250165 0.0240564 0.0229869 0.021773 0.0203673 0.0187075 0.0167209 0.0143486 0.011648 0.00920054
0.0119927 0.0119867 0.0106659 0.0102465 0.0110208 0.0165577 0.0133153 0.0125265 0.0134936 0.0165357 0.0202507 0.0233633 0.0254072 0.0263913 0.0272521 0.0750105 0.0245864 0.0231705 0.0245802 0.0289799 0.038468 0.050238 0.0384322 0.0244583 0.0201401 0.017025 0.017212 0.0160909 0.0157544 0.00895031 0.0117174 0.0165365 0.0203451 0.0230345 0.0247939 0.0258147 0.0262552 0.0262431 0.0258852 0.149915 0.169408 0.182377 0.0617268 0.0319541 0.0308963 0.0302652 0.0278147 0.0160206 0.0259665 0.0260995 0.0252819 0.024392 0.0234163 0.0223264 0.0210782 0.0196014 0.0177811 0.0154202 0.0121426 0.00686147
0.0126215 0.0102455 0.00650182 0.00747833 0.00994905 0.0196132 0.00583832 0.00987457 0.0130298 0.0180896 0.022573 0.0254226 0.026682 0.0267462 0.0275156 0.0681701 0.022969 0.0208968 0.0181012 0.0106472 0.0181535 0.0592417 0.0477983 0.0274806 0.0220641 0.0158049 0.017325 0.0153572 0.019333 0.0136062 0.0125229 0.0192744 0.0227962 0.0248067 0.0258615 0.0262481 0.026145 0.0256773 0.024946 0.0240416 0.129713 0.25271 0.0799578 0.032488 0.0310003 0.0320086 0.0350614 0.0403006 0.0251779 0.0262633 0.0254895 0.0246514 0.0237476 0.0227607 0.0216633 0.0204091 0.0189149 0.0170148 0.0143229 0.00952888
0.0132269 0.0112428 0.00878185 0.00523874 0.0100892 0.0154807 0.00732282 0.0109149 0.0142431 0.0210788 0.0255695 0.0273615 0.0272978 0.0262069 0.0276967 0.0600403 0.0241906 0.0226039 0.022293 0.0166551 0.0223764 0.0610225 0.0329206 0.0313959 0.0261333 0.0127797 0.0181731 0.0072397 0.0228692 0.0133413 0.0199809 0.023335 0.0251849 0.0260852 0.026322 0.0260792 0.0254783 0.0246117 0.0235663 0.0224295 0.02375 0.261779 0.106302 0.0334316 0.0294083 0.0279949 0.028121 0.0288063 0.0300385 0.0263905 0.0256546 0.0248517 0.0239947 0.0230737 0.0220745 0.0209767 0.0197493 0.0183435 0.0166798 0.0146181
0.0136169 0.0116716 0.00921338 0.00585417 0.0115511 0.00804037 0.0104567 0.0119954 0.0157397 0.0253339 0.028737 0.0284731 0.0266389 0.0244034 0.0285515 0.0497562 0.0250329 0.0221848 0.0260096 0.0270654 0.0261505 0.0488115 0.0339364 0.0353751 0.0337276 0.0204116 0.0102249 0.0103288 0.0172297 0.0213974 0.0240606 0.025619 0.0263302 0.0264 0.0259994 0.0252596 0.0242579 0.023066 0.0217714 0.020469 0.0243585 0.243162 0.143509 0.0365335 0.0302196 0.0272745 0.0268094 0.0269049 0.0268409 0.0264855 0.0257914 0.0250144 0.0241888 0.0233073 0.0223597 0.021332 0.0202034 0.0189406 0.0174896 0.0157596
0.0140272 0.0121802 0.00969812 0.00571656 0.00864074 0.00970385 0.0106843 0.011831 0.0176839 0.031363 0.0312257 0.0276337 0.0239705 0.021121 0.031605 0.0348375 0.0269603 0.0163447 0.0242445 0.0446133 0.0245518 0.0268619 0.031958 0.0365406 0.042317 0.0260059 0.00797599 0.0160959 0.0210686 0.0241409 0.0258329 0.0265136 0.0264635 0.0259036 0.025004 0.0238741 0.0225409 0.0210746 0.0195859 0.0181875 0.0270582 0.202653 0.195187 0.0414094 0.0323761 0.0271337 0.0260884 0.0263498 0.026577 0.0265432 0.025908 0.0251527 0.0243525 0.0235014 0.0225915 0.0216131 0.0205526 0.0193888 0.0180855 0.0165747
0.014408 0.0127946 0.0106596 0.00703994 0.00866977 0.00859076 0.00974671 0.0112862 0.0210536 0.0398089 0.0305772 0.0226713 0.0185946 0.0167147 0.019356 0.0267321 0.033626 0.026531 0.0293611 0.0306577 0.021189 0.019427 0.0258371 0.0289055 0.0530907 0.0347342 0.0117556 0.0202036 0.0243016 0.0262314 0.026845 0.0266147 0.0258384 0.0247271 0.0234251 0.0219882 0.0203509 0.0186334 0.017005 0.0155955 0.0329252 0.0573142 0.266569 0.0482712 0.0363507 0.0275478 0.0251733 0.0254776 0.0259815 0.026546 0.0260079 0.0252717 0.0244932 0.0236673 0.0227868 0.0218437 0.020829 0.019731 0.0185328 0.0172068
0.0146369 0.0132443 0.0116964 0.00989223 0.0077455 0.0055524 0.00873983 0.0109977 0.0265846 0.017253 0.0361856 0.0253926 0.0194062 0.0164427 0.0298324 0.0317734 0.0387818 0.0147238 0.0139251 0.0217923 0.0260699 0.0286814 0.0302616 0.0311393 0.031514 0.0464559 0.0186169 0.0251162 0.0271524 0.0274563 0.0268827 0.0257992 0.0244157 0.0228901 0.0213109 0.0196369 0.0176389 0.0156658 0.0139769 0.0126784 0.042861 0.0730159 0.25897 0.0572159 0.0428209 0.0291553 0.0241841 0.0242836 0.0247373 0.0264549 0.0260929 0.025374 0.0246151 0.0238118 0.0229568 0.0220419 0.0210583 0.0199965 0.0188445 0.0175865
0.0146989 0.0132761 0.0117059 0.00978175 0.00687993 0.00664714 0.00896426 0.0112327 0.0176233 0.0280722 0.0210597 0.0295233 0.0248441 0.0233221 0.0379666 0.0331173 0.0187238 0.0142551 0.0223778 0.0266308 0.0291098 0.03053 0.0312558 0.0315008 0.031396 0.0310178 0.0303994 0.0295546 0.0284903 0.0271981 0.0257025 0.0240232 0.0222403 0.020473 0.0187358 0.0168165 0.014164 0.0119308 0.0103503 0.00935266 0.0577924 0.0927498 0.246342 0.0680657 0.0523783 0.0328122 0.0233772 0.0231025 0.0221131 0.026188 0.0261642 0.0254614 0.0247198 0.0239377 0.0231072 0.0222195 0.0212651 0.0202339 0.0191141 0.0178896
0.014795 0.0133321 0.0118154 0.0101677 0.00814006 0.00500905 0.00870456 0.0115239 0.0140965 0.0178865 0.0345153 0.0314366 0.0245319 0.0208737 0.0346985 0.024166 0.019062 0.0229448 0.0274001 0.0296758 0.0308566 0.0313815 0.0314707 0.0312499 0.0307912 0.0301245 0.0292417 0.0281358 0.0268049 0.0252192 0.0234364 0.0214647 0.0194574 0.0175911 0.0157456 0.0133447 0.00881838 0.00650643 0.00548834 0.00510022 0.0790556 0.116472 0.224473 0.0801948 0.0655425 0.0394226 0.0229257 0.0233355 0.0157882 0.025572 0.0262229 0.0255355 0.0248084 0.024045 0.023238 0.0223775 0.0214532 0.020454 0.0193691 0.0181885
0.0149366 0.0133499 0.0117165 0.0100372 0.00808875 0.00522676 0.00918838 0.0122618 0.0150533 0.0200707 0.0362148 0.0379212 0.0124139 0.0151009 0.0204698 0.0246375 0.0275288 0.0294385 0.0306215 0.0312625 0.0314913 0.0314007 0.0310596 0.0305192 0.0298047 0.0289046 0.027769 0.0263886 0.0247625 0.0228192 0.0207124 0.0183777 0.0161591 0.0142935 0.0122182 0.00821874 0.00960437 0.00935172 0.0089139 0.109493 0.108679 0.143267 0.184091 0.0920949 0.0828274 0.0499445 0.02174 0.0281736 0.0362223 0.0242214 0.026269 0.0255986 0.0248824 0.0241344 0.0233482 0.022514 0.0216201 0.0206531 0.0195988 0.0184433
0.0152 0.0134706 0.0116277 0.00981167 0.00802374 0.00557675 0.00997772 0.0132999 0.0162773 0.0232152 0.042413 0.0197487 0.0197514 0.0162555 0.0238583 0.0275238 0.029564 0.0306986 0.0312503 0.0313892 0.031217 0.0308025 0.0301968 0.0294371 0.028522 0.0274001 0.0259725 0.0242687 0.0222878 0.0198491 0.0173783 0.0144788 0.0121107 0.0104494 0.00730628 0.00896789 0.0102829 0.0107654 0.114269 0.109094 0.107743 0.170026 0.0866565 0.100254 0.1047 0.0658819 0.00955193 0.0146693 0.023478 0.0211568 0.0263007 0.0256537 0.0249448 0.0242073 0.0234382 0.0226278 0.0217645 0.020834 0.0198184 0.0186956
0.0156105 0.0137816 0.011637 0.00939626 0.00748517 0.00670878 0.0112222 0.0146619 0.0177564 0.0277223 0.0313621 0.0188426 0.0218762 0.0263701 0.028774 0.0301646 0.0309401 0.0312821 0.0312879 0.0310206 0.0305289 0.029855 0.0290348 0.0280933 0.0269869 0.0256038 0.0237772 0.0216704 0.0192293 0.0159554 0.0131166 0.00869784 0.00644974 0.00546472 0.00789506 0.00954928 0.0108512 0.0991701 0.113635 0.103495 0.106255 0.110727 0.0697459 0.0954285 0.131218 0.0902527 0.0736129 0.0209522 0.0249004 0.0283838 0.0263113 0.0257041 0.0249996 0.0242672 0.0235092 0.0227175 0.0218813 0.0209877 0.0200201 0.0189578
0.0161426 0.0143728 0.0119816 0.00896251 0.00498616 0.00921754 0.012852 0.0162815 0.0194464 0.0222654 0.0246919 0.0267118 0.0283316 0.0295677 0.0304404 0.0309719 0.0311865 0.0311121 0.0307808 0.0302281 0.0294916 0.0286092 0.0276121 0.0265137 0.0251913 0.0234424 0.0209959 0.0183959 0.0152566 0.00986644 0.00710287 0.00910567 0.00907713 0.00876065 0.0094556 0.0104764 0.100848 0.0982869 0.12612 0.0918984 0.0924885 0.00610217 0.0118075 0.00659229 0.161107 0.103783 0.0707212 0.0574629 0.01988 0.032523 0.0262842 0.0257525 0.025052 0.0243189 0.0235657 0.0227854 0.0219687 0.0211041 0.0201766 0.0191666
0.0166717 0.0152231 0.0129328 0.00967564 0.0051606 0.0101376 0.0143356 0.0180723 0.0213103 0.0240295 0.0262446 0.0279892 0.0293017 0.0302177 0.0307679 0.0309807 0.0308861 0.0305181 0.0299149 0.0291173 0.0281673 0.0271042 0.0259534 0.0247084 0.0230814 0.0207366 0.0171878 0.0140638 0.00921281 0.0105036 0.0100112 0.0105255 0.0107625 0.0107563 0.0110382 0.103597 0.100003 0.0955123 0.148072 0.0115629 0.00981527 0.0079185 0.00536455 0.00897295 0.128108 0.127494 0.0814009 0.051175 0.022707 0.0245036 0.0261829 0.0257989 0.0251074 0.0243686 0.0236139 0.022838 0.0220329 0.0211888 0.0202928 0.0193268
0.0169669 0.0160866 0.0141949 0.0108722 0.00564757 0.0116678 0.0163728 0.0202321 0.0233425 0.0257932 0.0276736 0.029061 0.0300154 0.0305807 0.0307899 0.0306734 0.0302655 0.0296065 0.0287413 0.027715 0.026573 0.0253531 0.0240656 0.0226662 0.0205044 0.017046 0.0108694 0.00752173 0.00951354 0.0109327 0.0113494 0.0117726 0.0120818 0.0122329 0.104377 0.102764 0.0961186 0.0906188 0.1177 0.0115022 0.00948795 0.00740249 0.0061805 0.0095092 0.0116701 0.289291 0.101984 0.0673964 0.0534868 0.0219192 0.0259331 0.0258387 0.0251706 0.0244221 0.0236602 0.0228822 0.0220807 0.021248 0.0203741 0.0194446
