depth-data/MillBrook/outs/Millbrock2_10m_WLRaster_7200.asc
ncols 		200
nrows 		200
xllcorner 	241000
yllcorner 	51000
cellsize 	10
NODATA_value 		-9999
[rows 30 to 59 of 200, columns 67 to 133 of 200]
96.9993 96.8745 96.5121 95.8698 94.9099 93.8401 92.5352 91.0853 89.6528 88.0755 86.3381 84.8258 82.3261 80.239 77.8669 75.3124 72.4829 69.4609 66.2337 62.8242 59.1545 55.6492 54.0427 52.6616 53.6116 55.4037 58.1408 61.6905 65.6201 69.3572 72.3293 74.2188 74.8756 74.6589 73.9147 73.0978 71.656 70.0215 68.3721 66.6901 64.9107 63.0812 61.2541 59.4694 57.6896 56.1447 53.6521 51.8843 49.6764 47.4908 45.7998 42.798 38.8412 37.0848 37.2603 34.0926 32.4034 31.0416 29.4286 28.0256 27.0814 26.5165 26.271 24.6878 22.9048 22.486 22.2767
97.1365 97.0492 96.6943 96.1219 95.2321 94.1723 92.9124 91.5299 90.09 88.6127 87.0604 85.6956 83.3635 81.4614 79.3044 76.9175 74.158 71.0935 67.8437 64.2518 60.3095 56.752 54.6702 54.4313 55.1942 57.1312 59.9583 63.3854 67.14 70.6047 73.3493 75.0288 75.6157 75.2491 74.5223 73.713 72.4461 71.0192 69.4672 67.7178 65.8784 63.9888 62.1042 60.2119 58.2895 56.6344 53.9241 52.2912 50.2031 48.2672 46.7654 41.6617 41.1665 39.831 38.4412 35.5289 33.0114 31.596 30.4028 28.1371 25.7432 25.06 25.9278 23.6904 23.0334 22.1526 21.0899
97.3383 97.2013 96.8464 96.2616 95.5493 94.6095 93.397 92.0945 90.7646 89.2725 87.8177 86.218 84.3784 82.5965 80.622 78.3576 75.5407 72.4412 69.131 65.3995 61.1495 57.7738 56.3175 56.5898 57.3867 59.2462 62.0782 65.4353 68.8625 71.9921 74.3718 75.7313 76.1932 75.9517 75.235 74.4883 73.3838 72.0693 70.5274 68.763 66.9185 64.954 62.9442 60.8243 58.7817 57.0715 54.401 52.6279 50.7545 49.2753 43.7529 42.5958 41.6036 40.1526 38.4443 35.9114 33.8711 32.3202 30.4417 29.1858 27.4 23.9982 23.5516 22.9669 22.2758 21.9512 20.9848
97.4785 97.2236 96.9159 96.3764 95.7091 94.8141 93.7565 92.5239 91.2668 89.8623 88.4775 86.6804 85.271 83.5741 81.6772 79.3203 76.5333 73.3688 69.9305 66.08 61.9142 58.4599 58.4829 58.7024 59.6869 61.6188 64.4857 67.8403 71.1124 73.847 75.7892 76.7139 76.9959 76.872 76.1228 75.421 74.4639 73.1469 71.5526 69.7757 67.8987 65.969 63.8217 61.4916 59.1863 57.2458 55.3302 52.9693 51.6377 49.2555 44.697 43.1433 41.6385 40.4411 37.6903 35.9702 34.4604 32.6463 30.7726 29.1967 27.8635 26.6797 22.9845 22.4623 22.1797 21.0768 20.9524
97.563 97.3131 96.8935 96.4063 95.7538 94.936 93.9033 92.7807 91.5718 90.2798 89.0047 87.3403 86.0111 84.3118 82.3374 79.8805 76.9635 73.694 70.2065 66.3811 62.9253 60.231 60.318 60.7301 61.9745 64.1689 67.1933 70.4152 73.5698 75.7544 77.1366 77.7338 77.8837 77.7548 76.9631 76.3338 75.2639 74.042 72.3728 70.5534 68.7189 66.864 64.7439 62.1211 59.5981 57.4724 56.0066 53.4201 51.1203 46.4576 46.4576 43.6192 41.7659 40.443 37.7495 36.0707 34.5461 32.7932 31.1678 29.5698 28.042 26.6534 25.6497 22.0479 21.6265 21.1151 20.6954
97.5259 97.2685 96.8788 96.4085 95.7658 94.9337 93.8938 92.7648 91.617 90.4574 89.3891 87.8905 86.4939 84.752 82.6501 80.0931 77.1136 73.7067 70.144 66.3961 62.4785 61.7023 62.1306 62.9377 64.4897 66.8866 69.8859 73.0753 75.7447 77.4143 78.3864 78.7983 78.7468 78.5601 77.7209 77.019 75.7737 74.4473 72.8156 71.0212 69.1564 67.3163 65.191 62.6154 60.002 57.9362 56.1898 52.6777 49.3561 47.1075 46.729 44.3355 42.1197 40.4363 37.9879 36.1384 34.5237 32.9273 31.4316 29.8661 28.2233 26.6807 25.4319 23.6735 21.0924 20.8989 20.3673
97.271 97.0738 96.7691 96.2916 95.6815 94.8316 93.8392 92.7862 91.7084 90.5923 89.3322 88.1036 86.6467 84.9773 82.8328 80.2583 77.2213 73.8018 70.2236 66.8004 63.5949 63.938 64.443 65.3453 67.1524 69.6618 72.6811 75.5929 77.7097 78.8767 79.5439 79.7234 79.4795 78.9104 77.9911 77.2343 76.0377 74.6053 73.0136 71.2714 69.4038 67.4384 65.2652 62.8793 60.5503 58.6593 55.2891 51.8429 50.9878 47.8186 46.8799 44.564 42.421 40.379 37.7791 36.101 34.4853 32.8993 31.3055 29.6944 28.0549 26.5142 25.2269 24.2043 20.762 20.2957 20.2792
96.8611 96.759 96.4943 96.1944 95.6095 94.7345 93.6896 92.682 91.6631 90.6278 89.1544 88.2167 86.8444 85.2124 83.2979 80.8309 77.8989 74.4095 70.8248 67.0993 66.1583 66.5651 67.2778 68.2029 69.8601 72.2121 74.9863 77.5456 79.0972 79.9965 80.4438 80.5713 80.1599 79.3507 78.2014 77.2595 76.0299 74.6767 73.1114 71.5138 69.6984 67.6675 65.6065 63.5351 60.0854 56.6921 55.4235 53.6675 51.5966 48.7635 47.188 44.9427 42.69 40.415 37.8826 36.2553 34.5905 32.9229 31.3373 29.5462 27.781 26.3558 25.0158 23.7085 20.7217 19.7279 19.6678
96.4265 96.2768 96.007 95.7022 95.2848 94.5124 93.495 92.585 91.6792 90.6869 89.4322 88.5435 87.2768 85.7875 84.078 82.0011 79.0315 75.3946 71.9516 68.3278 69.1442 69.712 70.3524 71.1452 72.2053 74.09 76.4016 78.5459 80.1373 80.9762 81.3407 81.2943 80.7902 79.671 78.3641 77.3822 76.1701 74.8929 73.4982 71.9009 70.1101 68.2457 66.3871 62.265 59.6349 58.554 56.5245 54.4008 52.1103 49.5275 47.5972 45.3869 43.0969 40.7121 38.2624 36.6451 34.8779 33.0024 31.4412 29.5486 27.7124 26.0655 24.5796 23.3331 20.6995 19.7868 18.4703
95.8843 95.772 95.5422 95.2175 94.7976 94.1227 93.2503 92.3654 91.5626 90.7467 89.837 89.0191 87.9147 86.5827 85.0382 83.1087 79.9441 76.2274 71.9517 71.9681 72.5333 73.1837 73.7442 74.2548 74.7877 75.7453 77.5119 79.4289 81.0427 81.8561 82.1559 81.9296 81.188 80.0263 78.6518 77.7298 76.5926 75.3629 74.0081 72.4958 70.8061 68.1963 65.2687 63.8543 59.6382 59.6379 57.3362 55.0241 52.7118 49.9118 48.2564 45.9513 43.5566 40.9469 38.8948 37.0326 35.0328 33.1816 31.5491 29.5826 27.5443 25.8065 24.2945 22.304 20.7842 19.3964 17.822
95.3319 95.1647 94.89 94.5852 94.2254 93.6555 92.9031 92.1082 91.3781 90.4878 89.9693 89.3051 88.4498 87.2453 85.5958 83.4988 80.3866 76.8527 75.2896 75.6048 76.3573 77.07 77.543 77.6313 77.6472 77.9358 78.8694 80.2519 81.5132 82.4034 82.6737 82.52 81.7684 80.544 79.157 78.2448 77.1576 75.9728 74.633 72.8056 70.3011 68.8498 67.1116 65.0762 62.7587 60.3838 57.9815 55.6091 53.3617 50.2338 48.6407 46.6384 44.1314 41.4395 39.3323 37.155 35.1501 33.3372 31.3871 29.4166 27.3518 25.3418 23.3624 21.9618 21.0912 19.5712 18.9049
94.7797 94.5624 94.2502 93.9604 93.5881 93.1008 92.5159 91.841 91.1585 90.4334 89.8298 89.3566 88.7866 87.6205 85.861 83.6615 81.0016 78.7184 78.6966 79.3669 80.199 80.7711 81.026 80.8818 80.5024 80.1916 80.4516 80.9525 81.5466 82.3816 82.8216 82.758 82.2237 81.3692 79.6021 78.7723 77.52 75.9777 74.7028 73.3554 72.0429 70.0027 68.0477 65.783 63.4458 60.9811 58.6012 56.1839 53.929 51.8606 49.0145 46.9132 44.7091 41.7846 39.7298 37.4549 35.2624 33.1112 31.1831 29.4125 27.5311 25.4969 24.1578 22.3482 20.6737 19.8385 18.6922
93.7185 93.7175 93.6753 93.3631 92.9633 92.5585 92.0887 91.5438 90.9064 90.1772 89.8586 89.4452 88.5625 87.8413 86.2185 84.0941 82.5163 81.7296 82.0398 82.7793 83.4788 83.9107 83.8014 83.5195 83.2499 82.5519 82.7395 82.723 82.8086 82.9383 83.1424 83.0685 82.6915 81.9568 80.857 79.5472 78.1573 76.8274 75.455 73.9776 72.7101 70.5394 68.5525 66.2929 63.9358 61.4509 59.0186 56.6512 54.3113 52.3264 49.3225 47.2614 45.0821 42.0473 40.0522 38.0521 35.5646 33.2996 31.1861 29.2995 27.3757 25.4954 24.5984 23.1633 21.2673 20.211 18.7547
93.0739 92.931 92.7834 92.6259 92.4336 92.0712 91.7014 91.3066 90.6814 90.3975 89.9966 89.6086 89.1259 88.2491 86.5454 85.1319 84.8306 84.5943 85.3348 86.2943 86.7763 86.9132 86.589 86.0245 85.3324 84.6178 83.9681 83.9208 83.891 83.8587 83.7238 83.454 82.9966 82.3242 81.2818 79.9919 78.6645 77.2946 75.7972 74.2823 73.0198 70.8781 68.7951 66.6431 64.2732 61.7083 59.1958 56.8309 54.4235 52.2567 49.0979 47.6358 45.385 42.4071 40.4393 38.5217 35.9242 33.6292 31.4043 29.2507 27.3466 25.9429 24.6631 23.544 21.5158 20.1299 19.3155
92.2068 92.1066 92.0614 91.9689 91.7015 91.5191 91.4092 90.7268 90.6952 90.4768 90.1222 89.7776 89.2128 88.4868 87.6286 87.1777 87.3956 87.6802 87.7948 88.1618 88.5237 88.5459 88.3115 87.7445 87.1049 86.5027 85.6029 85.4006 85.1983 84.8909 84.4561 84.0187 83.4538 82.7314 81.7316 80.4841 79.1267 77.7668 76.2369 74.6195 73.2845 70.8271 69.0011 66.8007 64.453 61.9005 59.3631 56.9657 54.5883 52.3333 49.0999 47.8896 45.5586 42.9463 40.9787 38.8712 36.3613 33.8889 31.514 29.3616 27.7266 26.2367 24.7042 23.4612 21.8369 20.0259 19.4607
91.2896 91.232 91.1844 91.1019 91.0469 90.9044 90.642 90.5796 90.434 90.3883 90.1572 89.8175 89.3001 88.7301 88.4121 88.5284 88.7231 89.0077 89.3623 89.6968 89.8585 89.8161 89.5241 89.0095 88.5023 87.9075 87.5877 86.7379 86.533 86.0407 85.5333 84.9559 84.2685 83.4762 82.3688 81.1039 79.7514 78.3215 76.7791 75.1117 73.5868 70.9894 69.172 67.0347 64.7274 62.2501 59.7303 57.3679 55.013 52.758 50.8906 47.8739 46.0395 43.5036 41.3308 39.1258 36.5185 34.0137 31.8413 30.0838 28.2939 26.5164 24.9539 23.469 22.499 20.8891 19.1867
90.3698 90.3074 90.2324 90.2047 90.2378 90.2339 90.2294 90.107 90.2476 90.0607 90.0254 89.8374 89.4872 89.2114 89.2459 89.5333 89.8705 90.0627 90.3373 90.8344 90.8914 90.9631 90.5465 90.2044 89.8047 89.3298 88.895 88.1901 87.8478 87.4279 86.7805 86.1531 85.4082 84.4409 83.2985 81.936 80.5286 79.0762 77.3837 75.6864 74.0789 71.4666 69.6393 67.472 65.2322 62.7224 60.2601 57.9077 55.5402 53.2227 51.0553 48.8303 46.8908 43.947 41.5801 39.3355 36.6658 34.5434 32.636 30.8285 28.861 26.8861 25.1686 23.7462 22.7862 21.5213 19.4479
89.4122 89.3874 89.3591 89.4285 89.4514 89.5544 89.6821 89.7693 89.7331 89.9696 89.8454 89.8728 89.7941 89.7572 89.8932 90.1631 90.4229 90.7226 91.2873 91.6694 91.7864 91.9532 91.5816 91.2893 91.0069 90.6821 90.2522 89.8873 89.0124 88.7351 88.1027 87.4178 86.593 85.6256 84.3807 82.9457 81.4107 79.7983 78.0534 76.2661 74.7012 72.1013 70.2616 68.0019 65.6721 63.1923 60.7699 58.4049 56.0524 53.7249 51.4174 49.4174 46.3567 44.5027 41.8778 39.6756 37.2282 35.1407 33.2882 31.4582 29.3382 27.2507 25.6133 24.2259 23.0659 21.8385 20.4388
88.5411 88.5567 88.6253 88.668 88.8396 89.0073 89.1948 89.3598 89.4773 89.5008 89.8438 89.8439 89.9868 90.2152 90.3779 90.5554 90.7627 91.1725 91.7872 92.2419 92.4664 92.7032 92.4867 92.3416 92.1366 91.8592 91.4818 91.087 90.3321 89.8847 89.2899 88.58 87.7476 86.7652 85.5578 83.9578 82.2679 80.5279 78.7231 76.8783 75.3258 72.7386 70.759 68.4868 66.152 63.7195 61.2621 58.8146 56.432 54.097 51.8745 49.7645 47.5404 45.5169 42.5725 40.4605 37.8055 35.7104 33.8453 31.9528 29.8528 27.9504 26.2355 24.6856 23.4732 22.1432 20.2351
87.8255 87.902 87.9169 88.028 88.2025 88.3901 88.6425 88.8623 89.1244 89.306 89.3333 89.8845 89.8846 90.2946 90.6149 90.7526 91.195 91.6698 92.1996 92.6193 93.044 93.4109 93.3294 93.3431 93.1285 92.8288 92.5315 92.1341 91.7268 90.9519 90.3796 89.5947 88.7323 87.7199 86.5474 84.9949 83.0899 81.1576 79.2853 77.3832 75.9454 73.1935 71.2314 69.0242 66.6818 64.2593 61.7292 59.2567 56.8491 54.4691 52.1941 50.3266 47.4589 45.4254 43.239 41.0631 38.5876 36.4549 34.4573 32.5174 30.885 28.9126 26.8977 25.1128 23.6604 22.4455 20.2165
87.1602 87.1994 87.269 87.3631 87.4728 87.6803 87.9351 88.2623 88.567 88.8743 88.9622 89.6343 89.9134 90.5711 90.9816 91.1073 91.4647 92.1296 92.6369 93.1217 93.5164 93.9087 93.9835 94.0755 93.9484 93.6435 93.3861 92.9662 92.5614 91.9016 91.1768 90.3219 89.552 88.612 87.347 85.707 83.667 81.6623 79.7877 77.9981 76.382 73.8311 71.829 69.5915 67.2615 64.8564 62.3563 59.8537 57.3812 55.0937 52.9187 50.3438 48.2563 46.6189 43.999 41.499 39.5166 37.2867 34.9894 33.2796 31.7972 29.9573 27.5524 25.4025 23.8401 22.7452 21.1776
86.5099 86.5518 86.5913 86.6507 86.7455 86.9179 87.1876 87.4948 87.8968 88.4637 89.0124 89.5037 89.8745 90.3338 90.6895 91.1694 91.8869 92.5318 93.0767 93.5565 94.0137 94.3232 94.4158 94.488 94.3856 94.1531 93.8981 93.5506 92.9811 92.4187 91.504 90.8016 90.0916 89.084 87.6914 86.0339 84.244 82.3521 80.1377 78.1206 76.255 74.4069 72.409 70.2087 67.8985 65.5134 63.0583 60.5732 58.3482 55.4558 53.3608 51.2159 49.041 47.0161 44.6537 42.8136 40.2937 38.0465 35.7817 33.9944 32.4695 30.7346 28.2647 25.8197 24.0523 22.8574 21.4296
85.6472 85.7792 85.8087 85.9034 85.9731 86.1454 86.3901 86.6097 87.5467 88.1861 88.7905 89.4231 89.9117 90.3601 90.6832 91.4015 92.2739 92.8914 93.4289 93.9312 94.286 94.3059 94.4305 94.5153 94.3633 94.131 93.8736 93.5162 93.0209 92.4458 91.5637 90.9488 90.2085 89.1958 88.0057 86.5406 84.3511 82.6272 80.7653 78.893 76.9256 74.9806 72.9655 70.8329 68.6403 66.2703 63.8878 61.7378 58.8978 56.6404 54.3055 52.0256 49.8282 47.5333 44.9484 43.3981 41.0709 38.6838 36.584 34.6366 32.9542 31.2443 29.1244 26.7169 24.5745 23.087 22.0014
84.7521 84.8667 84.9988 85.0809 85.1732 85.3654 85.5625 86.3946 87.0266 87.7235 88.4556 89.1702 89.7941 90.3659 90.7537 91.4186 92.4257 93.1008 93.5935 93.9333 94.3028 94.2165 94.2164 94.238 94.1135 93.9663 93.659 93.3116 92.9466 92.3665 91.8936 91.0808 90.1687 88.9888 87.4813 86.2713 84.711 83.0875 81.2703 79.3954 77.4953 75.5677 73.585 71.5749 69.3698 67.1273 64.7923 62.1873 59.9774 57.6625 55.2627 52.9828 50.6854 48.3055 46.1506 44.152 41.6784 39.4862 37.3138 35.2789 33.4039 31.7065 29.974 27.7891 25.6517 23.8842 22.5527
83.9399 83.9817 84.0788 84.2085 84.2832 84.6678 85.2774 85.832 86.5065 87.3135 88.1705 88.87 89.6167 90.2437 90.7983 91.5609 92.4062 93.0835 93.7131 94.0155 94.1955 94.0939 93.9592 93.889 93.7915 93.5517 93.1293 92.9594 92.6795 92.197 91.5769 90.8742 89.9192 88.9067 87.3859 86.2053 84.6988 83.1206 81.4852 79.7324 77.9098 76.112 74.2018 72.2418 70.2293 68.1218 65.6368 63.2394 60.8795 58.5647 56.3024 53.9425 51.5201 49.1252 46.6753 44.0471 42.1915 40.1062 37.9635 35.891 33.9536 31.9936 30.5987 28.9238 26.5213 24.2288 22.3759
83.1587 83.1285 83.1538 83.2135 83.6407 84.1828 84.7424 85.3719 86.0089 86.7909 87.5229 88.3524 89.2494 90.0091 90.739 91.559 92.344 92.9113 93.406 93.8584 94.0681 93.8414 93.6668 93.4494 93.1695 93.0996 92.8472 92.5598 92.2324 91.8999 91.4599 90.8348 89.8823 88.7897 87.3998 86.0453 84.7193 83.1438 81.5791 79.9091 78.0815 76.3286 74.6283 72.7437 70.6913 68.6338 66.4013 64.014 61.6867 59.417 57.1546 54.8172 52.4798 49.9574 47.48 45.5201 42.5852 40.6454 38.548 36.4581 34.3682 32.2758 30.7509 29.5484 27.4985 25.3359 24.076
82.133 82.1817 82.1609 82.3735 82.9131 83.5577 84.2123 84.8193 85.4389 86.1409 87.023 87.805 88.7547 89.567 90.3819 91.3119 92.0693 92.5341 92.9788 93.281 93.7156 93.6988 93.4443 92.9871 92.8197 92.7274 92.475 92.0926 91.7377 91.3303 90.9553 90.4753 89.6278 88.5827 87.4893 86.0376 84.635 83.1347 81.619 79.9711 78.2383 76.0062 74.4188 72.8585 70.9533 68.8982 66.8731 64.5261 62.214 60.0967 57.9918 55.8018 53.4269 50.9145 48.3097 45.8748 43.1699 41.0551 38.9902 36.9278 34.6954 32.8655 31.148 29.7005 28.5281 27.003 25.3455
80.8996 80.702 80.969 81.4285 82.0381 82.8277 83.5722 84.2618 84.8464 85.5184 86.3305 87.1877 88.065 88.9724 89.7673 90.8047 91.6396 92.1169 92.4942 92.919 93.2389 93.2465 93.2763 92.807 92.6173 92.3626 92.0153 91.5679 91.0855 90.5881 90.1157 89.5107 88.7432 87.7682 86.6628 85.4229 84.1504 82.8753 80.83 79.3296 77.6794 75.9068 74.1693 72.5167 70.6591 68.8165 66.7514 64.681 62.5339 60.6165 58.6639 56.6039 54.2415 51.7942 49.1968 46.687 44.7696 41.9047 39.4949 37.3375 35.2376 33.3302 31.6525 30.3602 30.1152 29.5825 25.5226
79.2835 79.4769 79.8528 80.3034 81.0505 81.8851 82.8497 83.6918 84.2514 84.961 85.6432 86.5355 87.3453 88.2002 88.9601 90.07 90.9848 91.5397 91.9045 92.3444 92.5842 92.5965 92.6659 92.4618 92.2148 92.0327 91.5779 90.9781 90.3733 89.7559 89.111 88.3636 87.5486 86.5886 85.5109 84.3209 82.8084 81.7958 80.3306 78.7654 77.0626 75.3 73.5949 71.7773 70.0047 68.2721 66.237 64.5393 62.6738 60.7959 59.0008 57.0182 54.9187 52.5838 50.2366 47.7992 45.4243 42.2119 40.4795 37.9596 35.8773 33.955 31.9166 30.6999 30.6298 30.2891 28.9424
78.1062 78.3875 78.6246 79.2284 80.003 81.0076 82.0772 82.9918 83.689 84.3187 85.131 85.8583 86.6031 87.3855 88.0404 89.1603 90.1001 90.7624 91.2773 91.5971 91.8044 91.8265 91.8683 91.7991 91.7697 91.5177 91.0305 90.3558 89.641 88.9187 88.1413 87.3114 86.4314 85.389 84.2514 83.1364 81.7188 80.5138 79.1987 77.726 76.1183 74.4206 72.708 71.0204 69.3253 67.5027 65.6426 63.9075 62.2772 60.4694 58.7442 56.9216 55.0211 53.0934 51.0738 48.7714 46.4339 44.4541 41.3917 38.6343 36.6445 34.8922 30.8152 30.8151 30.6917 30.1766 29.2726
