depth-data/MillBrook/outs/Millbrock2_10m_WDraster_PEAK.asc
ncols 		200
nrows 		200
xllcorner 	241000
yllcorner 	51000
cellsize 	10
NODATA_value 		-9999
[rows 130 to 155 of 200, columns 0 to 59 of 200]
0.00489701 0.00813081 0.010292 0.0120195 0.0134939 0.0147963 0.0159708 0.0170445 0.0180358 0.0189577 0.0198202 0.0206303 0.0213907 0.022097 0.0227348 0.02328 0.0237032 0.0239747 0.024071 0.0239755 0.0236887 0.02323 0.0225878 0.0216957 0.0205818 0.0234172 0.0218843 0.019609 0.0174957 0.0157884 0.0678492 0.0798436 0.115898 0.114447 0.109852 0.144333 0.0346862 0.0329643 0.0308591 0.0283605 0.0254657 0.0221764 0.0184998 0.0144959 0.0106246 0.00946418 0.00977388 0.0175096 0.00822541 0.0116759 0.0134602 0.0147702 0.0159466 0.0171486 0.0184851 0.0200156 0.0217246 0.0235224 0.0252774 0.0268563
0.00489701 0.00813069 0.0102914 0.0120175 0.0134895 0.0147879 0.0159569 0.017024 0.0180077 0.0189217 0.0197762 0.0205775 0.0213259 0.0220107 0.0226079 0.0230836 0.0234018 0.0235312 0.0234527 0.0231552 0.0226552 0.0219929 0.0211205 0.0199002 0.0184598 0.0215148 0.0220938 0.0213051 0.019953 0.057363 0.0655925 0.0898855 0.141965 0.112866 0.0855293 0.0973763 0.0359114 0.0345004 0.0326894 0.0304526 0.0277692 0.0246117 0.0209065 0.0163968 0.00989226 0.014524 0.00788955 0.0114764 0.0122212 0.0128625 0.0137472 0.014801 0.0159703 0.0172948 0.0188459 0.0206384 0.0225876 0.0245369 0.0263159 0.0277858
0.00489701 0.00813044 0.0102903 0.0120142 0.0134823 0.014775 0.0159368 0.0169957 0.0179708 0.0188761 0.019722 0.0205138 0.0212465 0.0219 0.0224364 0.0228112 0.0229845 0.022927 0.0226304 0.0220892 0.0213482 0.0204748 0.0193164 0.0176023 0.0157657 0.0193573 0.0211914 0.0216511 0.0212342 0.0525734 0.0725727 0.10809 0.139016 0.134336 0.0379982 0.0375837 0.0368677 0.0357992 0.0343314 0.0324247 0.0300497 0.0271879 0.0238251 0.0199226 0.0153018 0.00896408 0.00924558 0.0127042 0.0113835 0.0120208 0.0132677 0.0146028 0.0159918 0.0175637 0.0194194 0.0215201 0.0236928 0.025717 0.0274053 0.0286392
0.004897 0.00812994 0.0102881 0.0120086 0.0134708 0.0147558 0.0159084 0.0169576 0.0179233 0.0188196 0.0196569 0.0204377 0.0211485 0.0217542 0.0221983 0.0224279 0.0224042 0.0221059 0.0215434 0.0207108 0.019708 0.0186317 0.0170525 0.0144486 0.012179 0.0167833 0.0195898 0.0210665 0.0666394 0.0698034 0.0874258 0.133336 0.152721 0.0379471 0.0380272 0.0379019 0.0375138 0.0368032 0.03571 0.0341776 0.0321559 0.0296062 0.0265033 0.0228339 0.0185751 0.013605 0.00712346 0.0140779 0.00759377 0.0110397 0.0130673 0.0146419 0.0162137 0.0180699 0.0202873 0.0227033 0.0250291 0.0269985 0.0284426 0.0292948
0.00489699 0.00812896 0.0102842 0.011999 0.0134529 0.0147274 0.0158691 0.0169077 0.0178637 0.0187511 0.01958 0.0203473 0.0210248 0.0215554 0.0218591 0.0218825 0.0215968 0.0209938 0.0201147 0.0189294 0.0176617 0.0164159 0.0140227 0.00920318 0.00670323 0.0136366 0.0174427 0.0608704 0.0610347 0.0726163 0.101512 0.15425 0.0969607 0.0374774 0.0377657 0.0379003 0.0378228 0.0374687 0.0367691 0.0356528 0.0340495 0.0318934 0.0291274 0.0257047 0.0215758 0.0166092 0.0100808 0.00883439 0.0105286 0.012094 0.0135024 0.014895 0.0166137 0.0188519 0.0215016 0.0241972 0.0265401 0.0282689 0.0292841 0.0296037
0.00489695 0.00812699 0.0102772 0.0119831 0.0134252 0.0146869 0.0158162 0.0168442 0.017791 0.0186701 0.0194908 0.0202394 0.0208631 0.0212741 0.0213647 0.0211015 0.0204748 0.019491 0.0182426 0.0166016 0.0151167 0.0137655 0.00906337 0.010158 0.00971978 0.0126423 0.0524914 0.0556837 0.0609621 0.082196 0.122905 0.138202 0.0590498 0.0367855 0.0372349 0.0375861 0.0377838 0.0377637 0.0374533 0.0367732 0.0356385 0.0339606 0.0316517 0.02863 0.024825 0.0201696 0.0145298 0.0071115 0.0102387 0.0119996 0.0134764 0.0150145 0.0171705 0.0199962 0.0231234 0.0259766 0.0281132 0.0293598 0.0297455 0.0293975
0.00489684 0.00812306 0.0102646 0.0119572 0.0133837 0.0146304 0.0157474 0.0167659 0.0177048 0.0185762 0.0193889 0.0201081 0.0206413 0.0208612 0.0206299 0.0199794 0.0189162 0.0174524 0.0157768 0.0134279 0.0119509 0.0105514 0.0107877 0.0113646 0.0114566 0.0128269 0.0487161 0.0584267 0.0655373 0.0982625 0.151793 0.0756805 0.0353506 0.0359145 0.0364718 0.0369856 0.0374075 0.037678 0.0377266 0.0374726 0.0368244 0.0356792 0.0339226 0.0314306 0.0280725 0.0237007 0.0180597 0.0100518 0.0109101 0.0120542 0.0135062 0.0152712 0.0181285 0.0216683 0.0251915 0.0279473 0.0295546 0.0300369 0.0296062 0.0285012
0.00489649 0.00811528 0.0102423 0.0119158 0.0133231 0.0145545 0.0156611 0.0166726 0.0176052 0.0184693 0.0192737 0.0199416 0.0203199 0.0202353 0.0195179 0.0183643 0.0167386 0.014626 0.0124344 0.00834879 0.0080381 0.00615657 0.00989282 0.0115285 0.0122947 0.0664295 0.0660007 0.0663277 0.0716491 0.121405 0.132774 0.0338058 0.034336 0.034915 0.035526 0.0361428 0.0367273 0.0372283 0.0375821 0.0377129 0.0375321 0.036935 0.0357964 0.0339663 0.0312703 0.0275139 0.0224583 0.0155796 0.00993115 0.0115747 0.0135162 0.0157427 0.0196968 0.0239649 0.0276497 0.0299014 0.0305637 0.0299973 0.0286257 0.0267559
0.00489546 0.00809987 0.0102036 0.0118512 0.0132377 0.0144566 0.0155575 0.0165654 0.0174928 0.0183488 0.019144 0.0197166 0.0198277 0.0192597 0.0177963 0.0160294 0.0136043 0.0103594 0.00727391 0.00903151 0.00753697 0.00824698 0.0101402 0.011713 0.0643864 0.0645209 0.0653503 0.0664387 0.076364 0.154214 0.0505153 0.0327992 0.0332863 0.0338406 0.0344549 0.0351152 0.0357958 0.0364572 0.0370452 0.0374929 0.0377213 0.0376361 0.0371188 0.0360133 0.0341141 0.0311658 0.0268752 0.0208578 0.0118401 0.0114549 0.0139354 0.0166291 0.0221513 0.0269014 0.0303251 0.031484 0.0307089 0.0288799 0.0265789 0.0240513
0.00489235 0.00806954 0.0101375 0.0117539 0.0131225 0.0143368 0.0154392 0.0164465 0.0173676 0.018213 0.018998 0.0193862 0.0190358 0.0176931 0.0150064 0.0125898 0.00843138 0.00828866 0.00900417 0.0100561 0.00995338 0.0101697 0.0110713 0.061589 0.0625712 0.0644329 0.0659514 0.0672958 0.084813 0.135211 0.0485675 0.0318176 0.032242 0.0327422 0.033318 0.0339673 0.0346792 0.0354281 0.0361717 0.0368528 0.0374036 0.0377469 0.0377893 0.0373996 0.0363749 0.0344126 0.0311211 0.0260764 0.0187534 0.00914243 0.0148194 0.0179482 0.0257812 0.0303174 0.0328835 0.0321186 0.0293815 0.0263021 0.0233237 0.0203541
0.00488303 0.00801021 0.0100274 0.011613 0.0129761 0.0141997 0.0153111 0.0163176 0.0172276 0.0180584 0.0188338 0.0188534 0.0176998 0.015053 0.0097685 0.00697934 0.00895739 0.00971703 0.0103664 0.0111237 0.0114367 0.0116808 0.0579451 0.059856 0.0633089 0.0660178 0.0672189 0.0684029 0.0987403 0.110571 0.0344426 0.0308807 0.0312332 0.0316624 0.0321705 0.0327644 0.0334491 0.0342161 0.0350379 0.0358669 0.0366419 0.0372985 0.0377747 0.0379958 0.0378219 0.0369622 0.0349155 0.0310383 0.0244003 0.0128174 0.0177056 0.0196905 0.02046 0.0405932 0.0348 0.030831 0.0256883 0.0219858 0.0189317 0.0156684
0.00485494 0.00789531 0.0098499 0.0114207 0.0128047 0.0140559 0.0151794 0.0161773 0.0170669 0.0178798 0.0186505 0.0179077 0.015305 0.00990782 0.0107864 0.0101437 0.0105477 0.0110601 0.0115849 0.0121698 0.0125889 0.0555451 0.0560848 0.0614632 0.06634 0.0683956 0.0681878 0.0693602 0.105745 0.0782776 0.0297946 0.0299981 0.0302769 0.0306311 0.0310581 0.0315664 0.0321755 0.0328976 0.0337259 0.0346264 0.0355395 0.0363956 0.0371428 0.0377678 0.0382646 0.0384924 0.0379466 0.0359014 0.0311034 0.0204605 0.020557 0.0206578 0.0203797 0.0526117 0.0269932 0.025526 0.0179765 0.0163048 0.0138996 0.00944558
0.00476951 0.007676 0.00957616 0.0111805 0.0126277 0.0139206 0.0150462 0.0160172 0.0168749 0.0176721 0.0184517 0.0160378 0.0103151 0.0110344 0.0117601 0.0118292 0.0120343 0.0123567 0.0127452 0.013196 0.0525614 0.0533257 0.0563584 0.0661258 0.0706309 0.0701805 0.0677702 0.0703104 0.100909 0.0436899 0.0290422 0.0291715 0.0293771 0.0296622 0.030012 0.0304233 0.0309238 0.0315456 0.0323115 0.0332149 0.0342053 0.0351916 0.0360799 0.0368488 0.0376311 0.038638 0.039489 0.0396675 0.0382007 0.0333627 0.0200658 0.0199156 0.0192238 0.0423671 0.0356717 0.0204086 0.0185638 0.0173602 0.0160141 0.014468
0.00450179 0.00726693 0.00918238 0.0109228 0.0124808 0.0138073 0.014902 0.0158182 0.0166379 0.0174351 0.0182492 0.0115604 0.0118033 0.0122341 0.0127655 0.0130526 0.0132842 0.0135418 0.02139 0.0477502 0.0498881 0.0538028 0.058965 0.0742556 0.0746362 0.0695236 0.0650363 0.0725561 0.07735 0.0297644 0.0283476 0.0284005 0.0285277 0.0287511 0.0290438 0.0293698 0.0297516 0.0302318 0.0308644 0.0316912 0.0327049 0.0338153 0.0348463 0.0356133 0.0361667 0.0373559 0.0389207 0.0407046 0.0420564 0.0418869 0.0328379 0.0188684 0.0175336 0.0154883 0.0452704 0.0212924 0.0187757 0.0176182 0.0163404 0.0148969
0.00355626 0.00653786 0.00868074 0.0107279 0.0124083 0.0137106 0.0147147 0.0155499 0.0163461 0.0171815 0.0180669 0.0203419 0.0172481 0.0155862 0.0148906 0.0146526 0.0146346 0.0166469 0.0106558 0.0417734 0.051636 0.0571544 0.0634204 0.0863782 0.0748281 0.0637047 0.059914 0.0732686 0.0354313 0.0277059 0.0277131 0.0276906 0.0277206 0.0278768 0.0281414 0.0284161 0.0287026 0.029031 0.029468 0.0301084 0.0310375 0.0322573 0.0335929 0.0345996 0.0344788 0.0352718 0.0366165 0.0389082 0.0418678 0.0487839 0.0415767 0.0308135 0.014913 0.0115574 0.0381893 0.0227771 0.0189597 0.0178345 0.0166055 0.0152244
0.00629354 0.00540964 0.0081851 0.0107392 0.0124291 0.0135805 0.0144232 0.0151797 0.0160079 0.0169463 0.0179409 0.0271223 0.0366819 0.0287762 0.0234452 0.0319999 0.0397601 0.0302082 0.0597431 0.0565704 0.059431 0.0618783 0.0688298 0.103641 0.0604488 0.0493508 0.0555578 0.0428766 0.0269566 0.0271007 0.0271385 0.0270614 0.0269615 0.0270083 0.027269 0.027538 0.0277875 0.0280092 0.0282392 0.0285808 0.0292091 0.0303273 0.032056 0.0342628 0.03319 0.0333947 0.0336795 0.0352192 0.0389681 0.0507096 0.0494893 0.0399594 0.019967 0.0143381 0.0296111 0.0253215 0.0191263 0.0180228 0.0168383 0.0155318
0.00476951 0.0116495 0.00793581 0.0111273 0.0124611 0.0132965 0.0139462 0.0146976 0.0156721 0.0167915 0.0179098 0.018904 0.0196876 0.0387671 0.0480696 0.0497041 0.0337717 0.0583866 0.051962 0.0528949 0.061906 0.0639932 0.0748582 0.0570601 0.0909482 0.0560327 0.0342194 0.0274903 0.0261884 0.0264465 0.0266031 0.026547 0.0262938 0.026119 0.026378 0.0266748 0.0269597 0.0271785 0.027297 0.0273414 0.0274467 0.0278941 0.0291027 0.0348485 0.0324965 0.0326224 0.0315499 0.0304106 0.0329655 0.0447776 0.0569955 0.0518305 0.0234704 0.019579 0.014601 0.0295753 0.0192836 0.0181841 0.0170236 0.0157804
0.00450179 0.00726913 0.0143621 0.0120172 0.0121883 0.012675 0.0132234 0.0141612 0.015446 0.016794 0.0179915 0.018933 0.0195608 0.0193845 0.0198566 0.0214231 0.0459635 0.0402003 0.0440952 0.0535328 0.0693929 0.0657867 0.0839723 0.0264769 0.0507181 0.0705309 0.0392816 0.0281487 0.0252773 0.0256493 0.0260302 0.0261723 0.0258327 0.0252042 0.0254311 0.0257488 0.0261113 0.0264406 0.0266391 0.0266214 0.0263698 0.0259897 0.0256506 0.0335804 0.0318704 0.0331783 0.0321487 0.0269732 0.0178102 0.0263313 0.0593753 0.068133 0.0261085 0.0226662 0.0215797 0.0205191 0.0194469 0.0183348 0.0171667 0.0159362
0.00355626 0.00654284 0.00824423 0.00625101 0.0106914 0.0116083 0.0123027 0.0137463 0.0154853 0.0170044 0.0181513 0.018914 0.0192762 0.0182615 0.0194344 0.0221029 0.0255535 0.032772 0.047306 0.0611033 0.081681 0.0616994 0.049948 0.0436115 0.0655417 0.0352918 0.0472554 0.0301814 0.0242149 0.0245897 0.0252345 0.0258724 0.0258075 0.0242932 0.0244312 0.0247114 0.0251206 0.0255975 0.0260257 0.0262454 0.0261149 0.0256831 0.0255052 0.0267397 0.0299595 0.0337027 0.036063 0.0329597 0.0273006 0.0243119 0.0337768 0.0786251 0.0285318 0.02298 0.0218235 0.0207235 0.0196306 0.0185026 0.0173098 0.0160411
0.00632468 0.00542204 0.00720574 0.0131612 0.0121489 0.0107989 0.0113918 0.0137461 0.0159239 0.017382 0.0182752 0.0187235 0.0187109 0.016091 0.0196597 0.0237355 0.0279458 0.0380781 0.0576326 0.071773 0.097341 0.0261188 0.0329629 0.0355144 0.0386017 0.0583487 0.0143482 0.0345569 0.0231112 0.0232059 0.0238814 0.0252851 0.0266091 0.0234437 0.0234362 0.0235884 0.0239385 0.0244837 0.025147 0.0257352 0.0259034 0.0252043 0.0234872 0.0222329 0.0249057 0.0306069 0.0384791 0.0372447 0.0293992 0.0399811 0.0404675 0.0703787 0.0252345 0.0233684 0.0221128 0.0209558 0.0198386 0.0187031 0.0174981 0.016194
0.00485494 0.00691828 0.00566549 0.00748956 0.00907392 0.00664126 0.0102073 0.0144883 0.0167615 0.0177338 0.0181702 0.0182119 0.0177217 0.0112614 0.0218221 0.0265014 0.0310014 0.0454163 0.0712431 0.0830651 0.0653941 0.0430112 0.03804 0.0374506 0.0320257 0.0504128 0.0230985 0.0227446 0.0222619 0.0217317 0.0215939 0.0231534 0.028824 0.0227138 0.0225391 0.0224862 0.0226381 0.0230741 0.023844 0.0249008 0.0259465 0.0261661 0.0239736 0.0181726 0.0159013 0.0181005 0.0396943 0.0427834 0.0485053 0.0476912 0.0405688 0.0549111 0.0263351 0.0238604 0.0224651 0.0212201 0.0200634 0.0189264 0.0177314 0.0164106
0.00476951 0.00751506 0.00806856 0.00617053 0.00825438 0.0174318 0.0110975 0.0165899 0.0177466 0.0176676 0.0176114 0.0172474 0.0161329 0.0282597 0.0277488 0.0298286 0.0343827 0.0555442 0.0889334 0.0820202 0.0480681 0.0239288 0.0316555 0.0364191 0.0245524 0.0341036 0.0227079 0.0224686 0.0220131 0.0210651 0.0189886 0.0137581 0.0332239 0.0221268 0.0218198 0.0215501 0.0214028 0.0214873 0.0219627 0.023076 0.0250642 0.02757 0.0278851 0.0192646 0.0155442 0.0234039 0.0539512 0.0452978 0.0532543 0.0465378 0.0310429 0.0298552 0.0279868 0.0244951 0.0229105 0.0215311 0.0202999 0.0191529 0.0179952 0.0167109
0.00450179 0.0125072 0.0114417 0.0102635 0.00754199 0.0132364 0.0224877 0.0196265 0.0178526 0.0165345 0.0164988 0.0157645 0.0136228 0.0209367 0.0266082 0.0312365 0.0379105 0.0697101 0.111606 0.0378639 0.0130903 0.018931 0.0372122 0.0245303 0.0224033 0.0222669 0.0221858 0.022154 0.0221561 0.0221671 0.0221538 0.0220804 0.0219168 0.0216495 0.0212913 0.0208844 0.0204887 0.0201544 0.0199237 0.020013 0.0214365 0.0266338 0.0336775 0.0215051 0.0251505 0.028399 0.0712223 0.0335992 0.0333863 0.0326189 0.0316763 0.0310822 0.0305069 0.0253198 0.0234939 0.0219228 0.0205561 0.0193571 0.0182428 0.0170668
0.00355626 0.00714019 0.0165766 0.0219525 0.0170046 0.0158244 0.0146092 0.0149969 0.0146427 0.0138007 0.0153181 0.0136979 0.00902679 0.0254006 0.0306035 0.0347203 0.0430775 0.0896921 0.0840446 0.0506226 0.0209233 0.0224271 0.0225787 0.025822 0.0217632 0.0215641 0.0214286 0.02136 0.021353 0.0213898 0.0214384 0.0214547 0.0213897 0.0212024 0.0208768 0.0204396 0.0199625 0.0195055 0.0189273 0.0174696 0.0126326 0.0149575 0.0417274 0.0158348 0.0413876 0.0307392 0.0588441 0.0333342 0.0336628 0.0330501 0.0317548 0.031131 0.0343666 0.0263834 0.0242696 0.0224529 0.0208714 0.0195315 0.018407 0.0174011
0.00450179 0.00678629 0.00871716 0.0100956 0.0210934 0.0131886 0.011749 0.0141244 0.0129045 0.011322 0.0155515 0.0100444 0.0342052 0.0336331 0.0344753 0.0379218 0.0495674 0.117409 0.02356 0.0231007 0.022659 0.022239 0.0218449 0.0214824 0.0211593 0.020886 0.0206752 0.0205392 0.0204859 0.0205121 0.0205969 0.0206987 0.020757 0.0207017 0.0204727 0.0200539 0.019532 0.0191701 0.0193811 0.0202533 0.0201275 0.0158168 0.0365378 0.025647 0.0248384 0.0507453 0.0408756 0.0325112 0.0337935 0.03382 0.0318628 0.0268351 0.0402307 0.0277287 0.0252883 0.0231957 0.0213284 0.0197236 0.018423 0.0175822
0.00619901 0.00537222 0.00806694 0.00939306 0.00679542 0.0114468 0.00783033 0.0149287 0.00969997 0.00694558 0.0177621 0.0329877 0.0316348 0.0325583 0.0348398 0.0406564 0.0584073 0.106696 0.0232897 0.0227956 0.0223153 0.0218523 0.0214097 0.0209915 0.0206031 0.0202531 0.0199547 0.019726 0.0195866 0.019552 0.0196231 0.0197764 0.019957 0.0200785 0.02003 0.0196924 0.018982 0.0179973 0.0174696 0.0195005 0.0228257 0.0256161 0.0298742 0.0376678 0.0232788 0.0210683 0.0472833 0.0306415 0.0332892 0.0352052 0.0356594 0.0347176 0.0321959 0.0293908 0.0265793 0.0242168 0.0220416 0.020086 0.0182828 0.0174527
