depth-data/MillBrook/outs/Millbrock2_10m_WLRaster_7200.asc
ncols 		200
nrows 		200
xllcorner 	241000
yllcorner 	51000
cellsize 	10
NODATA_value 		-9999
[rows 90 to 119 of 200, columns 0 to 66 of 200]
74.7881 74.5313 74.3968 74.1623 73.8052 73.3856 72.826 72.2563 71.4466 70.3293 68.6046 65.7927 61.9226 58.3356 53.8494 50.1587 47.8007 44.5522 42.7214 41.5574 43.2027 43.8066 46.0749 48.4787 51.7993 55.387 59.2442 63.8126 67.1206 72.0668 74.0271 75.4723 76.5498 77.3597 77.9371 78.4218 78.674 78.7559 78.7236 78.4691 78.0172 77.2976 77.2927 77.0628 76.8679 76.498 76.1606 75.8258 75.431 75.1662 74.9865 74.8566 74.5918 74.2344 73.917 73.522 72.9995 72.3295 71.577 70.672 69.642 68.6545 67.6072 66.7074 65.9201 65.0704 64.1805
73.7531 73.5288 73.4018 73.2048 72.9527 72.5581 72.0885 71.5564 70.8817 69.8495 68.3772 65.8117 61.9945 57.9377 53.5339 49.7703 46.832 43.8487 41.8492 41.0022 42.9843 43.3741 45.2711 48.0917 51.4919 55.3215 59.2404 63.8937 68.1316 71.8275 73.2351 74.6102 75.6051 76.3924 76.9972 77.4294 77.7064 77.7282 77.6537 77.4817 77.0672 76.4951 76.1704 75.8981 75.6707 75.3608 75.0409 74.7911 74.5363 74.3115 74.0966 73.9543 73.7795 73.4571 73.0747 72.6023 72.0624 71.3924 70.6149 69.8024 68.8624 67.8899 66.955 66.0626 65.3078 64.463 63.6307
72.7706 72.6738 72.4493 72.3373 72.0902 71.8082 71.371 70.8989 70.2542 69.3895 68.1223 65.843 62.157 58.2316 53.2051 49.5328 46.3006 43.5714 41.4519 40.473 42.4777 42.8243 44.6842 47.7143 51.2316 55.2133 59.339 63.7473 67.6651 71.003 72.4655 73.7179 74.6828 75.4201 76.0048 76.3294 76.4964 76.5307 76.4163 76.2292 75.8997 75.3326 74.8005 74.6982 74.4359 74.2411 73.9787 73.8138 73.6565 73.4317 73.2069 73.002 72.8347 72.5649 72.16 71.6526 71.0652 70.3552 69.5403 68.7453 67.9003 66.9753 66.1203 65.2604 64.523 63.7657 62.9559
71.7906 71.5413 71.4443 71.3498 71.1977 70.9707 70.6011 70.1414 69.6193 68.8696 67.7774 65.7992 62.2102 58.2933 53.2946 49.6239 45.9754 42.9911 41.0757 40.1286 41.8423 42.0496 43.9094 47.3093 50.9763 54.9607 58.8626 63.163 66.8232 69.9833 71.5433 72.7157 73.6355 74.3402 74.8423 75.0644 75.1638 75.1856 75.0288 74.8418 74.5922 74.1427 73.5305 73.5084 73.2636 73.1688 73.0214 72.9066 72.7467 72.5644 72.3121 72.0248 71.7999 71.5476 71.1777 70.6153 69.9729 69.2105 68.3981 67.6256 66.8306 65.9956 65.1756 64.4307 63.6758 62.9484 62.2236
70.6531 70.2313 70.2168 70.1873 70.1502 69.9757 69.7086 69.329 68.8368 68.2572 67.3325 65.8656 62.3395 57.7897 53.1614 49.4057 45.7713 42.7277 40.9044 39.9553 41.2254 41.3022 43.1645 46.9393 50.6038 54.4485 58.2283 62.451 66.7286 68.8561 70.431 71.5133 72.3706 73.0477 73.4873 73.6444 73.6913 73.7031 73.5488 73.4243 73.2347 72.9352 72.4081 72.3784 72.2612 72.129 72.0366 71.9018 71.7945 71.6221 71.3348 71.0175 70.6601 70.4028 70.0554 69.5381 68.8507 68.1283 67.3384 66.5534 65.8359 65.0885 64.311 63.586 62.8786 62.1537 61.4413
69.0981 68.7031 68.8123 68.9098 68.9143 68.7528 68.5659 68.2664 67.8918 67.4122 66.7425 65.6094 61.5961 58.1748 53.1376 48.9966 45.1555 42.1155 40.2552 39.7914 40.2828 40.9123 42.7196 46.4518 50.1415 53.8538 57.9313 61.7289 65.9239 67.6639 69.2062 70.1934 70.9506 71.5553 71.9523 72.1368 72.1813 72.2031 72.1613 72.1318 71.9998 71.8177 71.5106 71.2379 71.2499 71.026 70.9465 70.7819 70.6196 70.4648 70.2275 69.9002 69.5353 69.1755 68.8331 68.3058 67.6934 66.966 66.2511 65.5087 64.8637 64.2188 63.5688 62.8238 62.0664 61.3889 60.704
67.4556 67.3166 67.4572 67.6115 67.5744 67.3826 67.2208 66.9688 66.6343 66.2522 65.53 64.4999 61.4145 58.0154 53.156 49.1637 44.809 41.7125 39.5647 39.1497 40.2662 40.9505 42.4048 45.9795 49.7143 53.4818 57.4268 61.2743 64.8667 66.3915 67.7613 68.691 69.3957 69.9253 70.3199 70.5795 70.6891 70.7989 70.8415 70.8987 70.8521 70.7901 70.6231 70.2021 70.1489 69.9414 69.6967 69.507 69.3272 69.13 68.9052 68.5653 68.173 67.7382 67.3483 66.846 66.2736 65.6788 65.0014 64.454 64.0115 63.4941 62.8616 62.1166 61.4167 60.7117 59.9443
65.5978 66.0135 66.1445 66.1836 66.0618 65.8925 65.7081 65.4787 65.1992 64.7496 64.085 63.1251 61.5007 58.3971 53.2589 48.468 44.2228 40.4966 38.75 38.5028 40.253 40.3868 42.0875 45.6673 49.4522 53.2696 57.2696 60.707 63.5969 64.9816 66.1964 67.0286 67.7182 68.2754 68.695 69.0247 69.2719 69.4017 69.549 69.6684 69.6407 69.6942 69.5777 69.2615 68.9267 68.8517 68.4769 68.2621 68.0274 67.7676 67.4803 67.1355 66.7957 66.3709 65.876 65.3912 64.8539 64.3665 63.8216 63.3142 62.9318 62.2319 61.6669 61.0645 60.452 59.712 59.2121
64.1556 64.178 64.5268 64.5509 64.4742 64.3523 64.198 63.9535 63.6091 63.152 62.495 61.6727 59.8471 57.1238 52.3356 47.8708 43.0496 39.6084 38.4384 37.731 39.3462 39.9956 41.8564 45.4371 49.3778 53.2455 57.1923 60.1697 62.417 63.5843 64.6815 65.4512 66.1258 66.7005 67.1902 67.5499 67.8623 68.0672 68.2447 68.3372 68.3552 68.3862 68.3349 68.1385 67.7715 67.6718 67.2746 66.9998 66.795 66.5152 66.183 65.8207 65.4984 65.0935 64.5837 64.1489 63.6415 63.1842 62.6943 62.1994 61.757 61.3771 60.8497 60.3322 59.7423 59.0673 58.3124
62.1981 62.5902 62.7868 62.8563 62.8987 62.8921 62.7703 62.4759 62.0364 61.5119 60.7874 59.7403 57.6551 55.0272 50.0967 46.2089 42.0945 38.6554 37.8473 37.1641 38.9038 39.7786 41.925 45.5441 49.4397 53.2794 56.9625 59.7073 61.2621 62.3294 63.2716 64.0187 64.7234 65.2732 65.7804 66.1377 66.5025 66.7449 66.8621 66.9915 66.951 66.9684 66.9645 66.8981 66.5063 66.2593 66.0596 65.7099 65.5151 65.2729 64.9406 64.5858 64.2135 63.7937 63.2889 62.8966 62.4592 61.9744 61.4895 61.0746 60.6298 60.2874 59.8099 59.28 58.6926 58.0101 57.3152
60.273 60.6976 61.0994 61.3116 61.439 61.4964 61.4074 61.1032 60.6038 59.9768 59.1098 57.5302 55.0003 51.3952 47.4149 43.6521 40.2097 37.9103 37.1565 37.0321 38.3583 39.6374 42.048 45.8028 49.6245 53.3083 56.7277 59.065 60.2097 61.2544 62.0567 62.7439 63.3461 63.9108 64.3731 64.6854 65.0252 65.2949 65.4344 65.5011 65.4841 65.5333 65.5118 65.5003 65.2285 64.8616 64.8346 64.5374 64.3527 64.113 63.7782 63.4109 62.9912 62.5589 62.0791 61.6467 61.2344 60.7946 60.2722 59.7248 59.5475 59.2501 58.7652 58.2103 57.6228 56.9904 56.3404
58.253 58.9026 59.2571 59.6493 59.8566 59.9685 59.9496 59.7204 59.2336 58.5892 57.6347 55.7651 53.1704 48.818 45.0779 41.7327 38.9327 37.4979 36.7512 36.5326 37.8555 39.5248 42.1969 45.7179 49.6701 53.1846 55.9928 58.1201 59.1848 60.1246 60.8668 61.5015 62.0213 62.481 62.8608 63.1306 63.4204 63.6302 63.795 63.9151 63.9657 64.0107 63.938 63.9618 63.7655 63.3538 63.0294 62.9199 62.7652 62.4905 62.1208 61.7586 61.5363 61.059 60.7317 60.2694 59.9421 59.5647 59.2249 58.49 58.2802 58.0303 57.5979 57.133 56.5956 56.0182 55.3682
55.933 56.6501 57.1698 57.6745 58.0617 58.2115 58.2839 58.1625 57.8183 57.2389 56.3745 54.3525 51.8754 46.8656 43.1307 40.2281 38.0456 37.0732 36.4986 35.8956 37.3275 39.3966 42.5102 45.9577 49.6828 53.0552 55.3079 57.0477 58.0924 58.9672 59.6344 60.2467 60.7364 61.1512 61.436 61.6808 61.9106 62.1055 62.1779 62.2628 62.3276 62.3981 62.3799 62.3524 62.1679 61.8707 61.9003 61.6817 61.5074 61.2304 60.8833 60.5236 60.1314 59.7141 59.2293 58.852 58.4947 58.0499 57.5801 57.2827 56.9754 56.733 56.4631 56.1007 55.6558 55.1459 54.521
53.3606 54.3227 54.9024 55.5722 56.0394 56.284 56.466 56.4197 56.113 55.6137 54.7968 52.6974 49.4053 45.3182 41.1959 38.3209 37.1834 36.466 35.9987 35.6186 36.9186 39.2618 42.7374 46.2248 49.7674 52.6506 54.7356 55.9328 56.8826 57.6323 58.2946 58.8393 59.3066 59.7164 59.9887 60.2035 60.3809 60.4782 60.5455 60.5953 60.6523 60.6965 60.7666 60.6822 60.4103 60.1368 60.2693 60.0585 59.8469 59.5576 59.2582 58.8386 58.4414 58.0917 57.7619 57.4771 57.1774 56.835 56.5202 56.0929 55.768 55.4032 55.2983 55.0334 54.5485 53.9311 53.1437
50.8957 51.9604 52.6176 53.3573 53.972 54.3717 54.5715 54.5965 54.3701 53.7984 52.7491 50.6097 47.0652 43.1856 39.5434 37.3111 36.3512 35.7988 35.4764 35.3631 36.7229 39.417 43.0521 46.6644 49.9236 52.3458 53.6582 54.6529 55.4802 56.1874 56.7747 57.2745 57.7668 58.1141 58.3439 58.5687 58.6985 58.7657 58.8102 58.8718 58.8661 58.8841 58.9036 58.6995 58.4327 58.1551 58.3963 58.1628 57.9189 57.5998 57.2254 56.7609 56.3063 56.0692 55.8645 55.6522 55.4225 55.2227 54.9854 54.738 54.4257 54.1934 53.9635 53.5161 52.9237 52.3113 51.5764
48.5008 49.458 50.1977 50.9074 51.4947 51.8794 52.199 52.221 52.0447 51.5406 50.5338 48.2195 45.25 41.6905 38.2584 36.1837 35.6014 35.1765 35.16 35.3371 36.8338 39.9791 43.5844 47.1297 49.7301 51.3535 52.4033 53.2406 53.9903 54.6201 55.1499 55.6322 56.072 56.3868 56.614 56.7438 56.871 56.9557 57.0652 57.1623 57.1923 57.1347 57.032 56.7922 56.4777 56.1783 56.2634 55.9249 55.776 55.4044 54.8951 54.3607 53.9637 53.7491 53.637 53.4448 53.3725 53.2978 53.193 53.0557 52.8259 52.6885 52.3312 51.8463 51.2864 50.4566 48.9917
46.0334 46.7931 47.5703 48.1726 48.6948 49.0744 49.4015 49.5883 49.5319 49.2053 48.341 46.2017 43.2248 39.1754 36.3258 35.1037 34.8814 34.5642 34.2329 35.5658 37.4206 40.9832 44.3912 47.3536 48.9408 50.0786 51.0234 51.7232 52.393 52.9702 53.48 53.9423 54.3321 54.5919 54.8092 54.9739 55.0461 55.1382 55.3278 55.42 55.4772 55.479 55.302 54.9373 54.6327 54.239 53.7224 53.5166 53.4415 53.1069 52.4899 51.9005 51.576 51.429 51.3419 51.2198 51.2097 51.2367 51.2599 51.207 51.0504 50.9259 50.4462 49.8864 48.9916 47.5267 46.1469
43.7835 44.0332 44.8405 45.3202 45.8373 46.2695 46.6266 46.8763 46.8988 46.6274 45.9057 44.1764 41.7071 37.0052 34.9657 34.3161 34.1364 33.9891 34.089 35.673 38.4076 41.7846 44.6358 46.3303 47.6537 48.5213 49.2686 49.9683 50.6156 51.1404 51.6727 52.135 52.5047 52.8195 53.0242 53.1689 53.2461 53.4007 53.5478 53.6749 53.7195 53.7311 53.4368 53.0398 52.7552 52.2502 51.4502 51.2599 51.2296 50.9147 50.2825 49.5979 49.1334 48.8889 48.8177 48.8388 48.9674 49.1085 49.1623 49.1768 48.9865 48.7877 48.2834 47.7313 46.7241 45.3018 43.877
41.4698 41.4227 42.3556 42.9028 43.2924 43.5971 43.8418 44.0214 44.1435 43.9996 43.5304 42.2087 38.7593 35.775 33.948 33.791 33.7416 33.7712 34.0734 35.9754 40.4001 41.6442 43.2426 44.4736 45.664 46.6464 47.4212 47.9435 48.5083 49.1005 49.6253 50.1051 50.4648 50.8071 51.1118 51.2889 51.3861 51.5407 51.6927 51.7722 51.8338 51.7915 51.4819 51.1073 50.6002 50.1369 49.29 49.4581 49.1666 48.6896 48.095 47.4604 46.9558 46.6938 46.5928 46.5805 46.6757 46.7528 46.7666 46.8077 46.6702 46.3793 45.9703 45.381 44.3764 43.0293 41.8821
39.6763 39.822 40.0207 40.2678 40.505 40.8171 40.9142 40.986 40.8362 40.6594 40.2602 39.3584 35.1916 34.3372 33.7728 33.3958 33.3729 33.3508 34.2256 36.5503 38.482 39.9629 41.1361 42.2166 43.2417 44.299 45.1013 45.8361 46.2384 46.7682 47.2754 47.8077 48.2199 48.6021 48.9268 49.1739 49.356 49.5206 49.6076 49.6344 49.6835 49.564 49.2519 48.9224 48.4353 48.2939 46.7787 46.7276 46.6972 46.7929 45.9443 45.3475 44.9381 44.6461 44.4987 44.4628 44.4084 44.3088 44.2923 44.2855 44.2331 43.9189 43.6473 42.9231 41.9412 40.9117 38.9745
38.7352 38.5613 38.3212 38.061 37.9824 38.0169 38.0287 37.9314 37.7315 37.412 37.0251 36.4482 34.8964 34.0095 33.5051 33.02 33.022 32.7705 34.3079 35.0497 36.2931 37.3888 38.5367 39.5594 40.5393 41.5242 42.3739 43.2737 43.9035 44.4058 44.8305 45.3078 45.79 46.1396 46.4543 46.7114 46.9585 47.1055 47.1899 47.2667 47.3008 47.0714 47.0044 46.0899 45.7128 44.0796 44.4527 44.6207 44.4758 44.0973 43.5547 43.7232 42.9973 42.6032 42.305 42.1407 42.026 41.8226 41.7698 41.7695 41.6878 41.3185 40.8418 40.3576 39.5808 38.0214 37.3619
37.6778 37.0053 36.4626 36.4625 36.4624 36.3532 36.228 36.0285 35.8022 35.5663 34.976 34.326 33.7389 33.2119 33.0074 32.5196 32.6884 32.4654 33.3223 33.3608 33.8189 34.5368 35.4471 36.4971 37.4845 38.4618 39.3791 40.2613 41.2311 41.8359 42.4806 42.9353 43.19 43.3996 43.7092 44.0013 44.2408 44.3953 44.4921 44.4962 44.3938 44.0866 42.8595 42.5274 42.4778 41.5112 42.0817 42.3221 42.2321 41.8474 41.3764 40.9202 40.5127 40.1339 40.3271 39.9135 39.4775 39.2027 39.134 39.099 38.9576 38.5995 37.9371 36.855 36.4231 35.7162 35.4142
38.5911 38.236 37.7871 37.2473 36.8052 36.3857 35.9919 35.6723 35.4319 34.8736 34.3249 33.7262 33.2099 33.0761 32.7024 32.4837 32.1385 32.4531 32.4532 33.0102 33.0215 32.6982 33.0453 33.5423 34.2221 35.0794 36.0392 37.0939 38.0737 38.9409 39.6506 40.2028 40.5775 40.7721 40.9742 41.1487 41.3531 41.5274 41.6064 41.584 41.4016 41.2618 41.2121 40.2325 38.7505 39.3194 39.6283 39.7939 39.7037 39.4045 39.0232 38.6031 38.3056 37.9527 37.574 37.1028 36.6914 37.0363 36.5894 36.3444 36.1712 35.7656 35.3478 35.1878 34.5606 33.8436 33.566
39.2921 38.9743 38.6091 38.1463 37.6853 37.2507 36.7861 36.3004 35.8661 35.2662 34.7709 34.3232 33.8382 33.2733 32.7685 32.3427 32.1375 32.1321 32.4851 31.6831 31.5651 31.5211 31.6325 32.0049 32.1872 32.497 32.9618 34.104 35.0312 35.831 36.5556 37.1503 37.6024 37.857 38.049 38.266 38.4954 38.9671 39.4085 39.329 38.4893 37.7146 37.3748 36.8526 36.4375 37.058 37.1402 37.1685 36.9779 36.7165 36.3351 36.0156 35.7432 35.4269 35.1044 34.6325 34.2239 33.8519 33.5367 33.8057 33.795 33.3794 33.5098 33.1367 32.7951 32.4658 32.2131
40.2156 39.9485 39.5733 39.1835 38.683 38.1507 37.6637 37.1339 36.5839 36.2058 35.7853 35.1276 34.7577 34.0705 33.3234 32.6064 32.0807 31.8066 31.6436 31.6907 31.5304 31.3831 31.3509 31.7096 31.2787 31.2514 31.3043 31.7841 32.3988 32.9235 33.5581 34.1477 34.5523 34.7943 35.0137 35.293 35.5269 33.8785 34.3266 35.2066 35.8888 35.4644 33.2471 33.2662 33.9079 34.3468 34.6343 34.5692 34.3401 33.9836 33.5796 33.2228 32.8882 32.599 32.3094 31.9449 31.6248 31.4173 31.3174 31.3212 31.1997 31.304 31.528 31.2129 31.0847 31.1235 31.3679
41.4806 41.1213 40.7343 40.3715 39.975 39.4759 38.9437 38.443 38.2185 37.7648 37.3518 36.802 36.3524 35.628 34.7785 33.899 32.9819 32.0349 31.4414 31.3315 31.3305 31.7203 31.345 31.6279 30.7576 30.6516 30.5779 30.7516 30.8838 31.0409 31.1581 31.5376 31.8896 32.0065 32.1707 32.522 31.5721 29.4196 29.9069 31.9432 30.4309 30.9904 31.2794 31.2864 31.5213 31.7209 32.0212 31.7667 31.4599 31.0582 30.7392 30.4799 30.168 29.9562 29.6367 29.2947 29.0613 28.9636 28.9788 29.1104 29.1451 29.5343 29.6045 29.5556 29.6626 29.985 30.4177
42.7981 42.4638 42.1018 41.7365 41.3585 40.9087 40.3988 39.8277 39.8884 39.7648 39.3259 38.9943 38.5075 37.8181 36.9912 36.0341 35.0345 33.8949 32.2504 31.331 31.0061 30.4924 30.4739 30.3752 30.146 30.0822 29.9775 29.9757 29.974 29.9722 29.9715 30.1198 30.1514 30.3825 30.3331 30.1303 29.534 29.3064 29.1074 29.2655 29.7612 29.5362 29.5609 29.849 29.828 29.5217 29.5384 29.5291 29.1623 28.6655 28.2263 27.8246 27.5877 27.5509 27.359 27.0945 26.9962 27.0129 27.0906 27.2374 27.1389 27.6914 27.9363 28.1619 28.6454 29.2153 29.8852
43.9681 43.8363 43.4693 43.1323 42.8173 42.4937 42.134 41.9093 41.9562 41.8828 41.5488 41.3447 40.8453 40.2708 39.5063 38.6667 37.6696 36.745 35.4629 34.4558 33.6061 32.9614 32.5793 32.3348 31.8926 31.3827 30.8852 30.4227 30.0952 29.9711 29.5732 29.4406 29.4394 29.4392 29.5853 29.8843 29.7513 29.3559 28.6682 28.7404 29.0523 28.7567 28.7065 28.5306 28.2032 28.0665 28.0832 27.7865 27.3796 27.0528 26.7685 26.4218 26.0682 26.0653 25.9061 25.6143 25.4507 25.5273 25.7306 25.9481 25.9375 26.2447 26.6182 27.1911 27.96 28.6718 29.688
46.2881 45.8463 45.3543 44.7723 44.5103 44.3014 43.9426 43.8563 43.9893 43.7558 43.6068 43.4725 43.1555 42.646 42.0039 41.2868 40.4397 39.6175 38.5405 37.6583 36.7811 36.1138 35.5195 34.8749 34.1675 33.4 32.7125 32.0949 31.5349 30.9273 30.0921 29.4399 29.4384 29.4367 29.4305 29.4291 29.4272 29.0029 28.5915 28.3749 28.2858 28.112 28.0039 27.9484 27.7475 27.3801 27.1315 26.8847 26.6016 26.3545 26.118 25.959 25.6638 25.5737 25.6588 25.2744 25.2739 25.828 24.6511 24.038 24.731 25.2592 25.7304 26.4647 27.413 28.4273 29.7165
48.5981 47.9838 47.4418 47.1173 46.9653 46.9007 46.3942 46.033 46.1032 45.974 45.5698 45.3128 44.9482 44.6611 44.264 43.7168 43.0897 42.31 41.5081 40.6758 39.856 39.0963 38.4322 37.61 36.5974 35.6497 34.7671 33.9821 33.3395 32.7844 32.2116 31.5089 30.3835 29.4361 29.4303 29.4297 29.4299 29.1161 28.6098 28.3181 28.2925 27.9018 27.5663 27.4075 27.3367 26.7583 26.6867 26.516 26.4527 26.3005 26.1201 26.0285 25.7753 25.2807 25.2772 25.2751 25.2732 25.9408 24.1787 24.0377 23.8128 24.5008 25.0297 25.9187 27.0369 28.3936 29.7613
