depth-data/MillBrook/outs/Millbrock2_10m_WDraster_PEAK.asc
ncols 		200
nrows 		200
xllcorner 	241000
yllcorner 	51000
cellsize 	10
NODATA_value 		-9999
[rows 78 to 103 of 200, columns 120 to 179 of 200]
0.0145136 0.0134216 0.00887554 0.030328 0.0250732 0.0154985 0.0248278 0.0191011 0.0149887 0.00973059 0.0432294 0.0501567 0.0504844 0.0421187 0.0415939 0.0611461 0.0506039 0.0548378 0.449907 0.280766 0.225988 0.388422 0.597188 0.6917 0.816115 0.491199 1.28113 1.33346 0.588821 0.268046 0.180172 0.38316 0.0122825 0.0111025 0.0099314 0.00885532 0.00796713 0.00685019 0.00964449 0.0117316 0.0135036 0.0150656 0.0229052 0.00355626 0.0172825 0.0203473 0.0217892 0.0238033 0.0591168 0.0104657 0.214601 0.581603 0.693532 0.815514 0.88024 0.884601 0.959347 0.91617 0.785745 0.522601
0.017091 0.0159635 0.0136922 0.00902149 0.019554 0.0269435 0.016593 0.0183857 0.0173114 0.0147604 0.0330139 0.0427801 0.046978 0.0447953 0.0434052 0.0263529 0.0595693 0.342085 0.484281 0.416159 0.240898 0.345893 0.70044 0.890275 0.676747 0.402479 1.18874 0.744082 0.449116 0.276555 0.220424 0.0131468 0.0118415 0.0104396 0.00889632 0.00726166 0.00620797 0.00950553 0.00992018 0.0119706 0.0137542 0.0153134 0.0167598 0.0250769 0.0228847 0.0221899 0.0223747 0.024971 0.0541895 0.0163076 0.0122355 0.011502 0.0248904 0.0234538 0.0976515 0.0405601 0.0490718 0.0353614 0.0199514 0.0244823
0.0194774 0.018312 0.0167412 0.0142031 0.0176366 0.0112111 0.0148347 0.0172466 0.0177856 0.0168935 0.0267319 0.0360363 0.0421077 0.0436506 0.0437027 0.036471 0.0222237 0.462532 0.340536 0.0995703 0.182465 0.560188 0.776647 0.818087 0.552323 0.540674 0.742479 0.509122 0.0570134 0.0734045 0.014253 0.0129471 0.0115292 0.00996966 0.00805948 0.00495197 0.00815058 0.0100468 0.00816113 0.0122221 0.0140455 0.0155827 0.0170552 0.0183743 0.0195385 0.0206448 0.0217819 0.0266679 0.0468134 0.0185102 0.0113538 0.0181466 0.0322533 0.0211024 0.0262463 0.0285874 0.0590766 0.0449672 0.0326381 0.027606
0.0216511 0.020491 0.0191887 0.0174305 0.0180323 0.0156681 0.0158409 0.0170924 0.0179436 0.0179284 0.0231979 0.0306803 0.0371242 0.0417655 0.0419231 0.039504 0.0324853 0.504612 0.263138 0.0193497 0.00355626 0.467099 0.770129 0.700267 0.555258 0.646441 0.32142 0.010997 0.0247218 0.0153923 0.0141898 0.0128206 0.0112994 0.0096921 0.00795601 0.00505986 0.00813975 0.00977784 0.026283 0.0138322 0.0144045 0.015858 0.0173961 0.0186695 0.0197617 0.020872 0.0220897 0.0301453 0.0356912 0.0242853 0.0153687 0.0220213 0.0264986 0.0289207 0.0298767 0.0301883 0.070967 0.0369328 0.0103153 0.0203354
0.0235975 0.022491 0.0213237 0.0199323 0.0194639 0.0181777 0.0175692 0.0178363 0.0183756 0.0186308 0.0214623 0.0268508 0.0327094 0.0377636 0.058187 0.0500228 0.321793 0.454354 0.411366 0.158809 0.399905 0.689151 0.745224 0.663361 0.556847 0.35823 0.119874 0.0172537 0.0163635 0.0153522 0.0141762 0.0127666 0.0110677 0.00919574 0.00767907 0.00536849 0.00805639 0.00922166 0.00977784 0.0105999 0.0136575 0.0160849 0.0178194 0.0189417 0.0199305 0.0211136 0.022485 0.0357982 0.0157723 0.0221301 0.0248492 0.0262597 0.0296839 0.0305992 0.0302644 0.0299561 0.0558073 0.0503181 0.0139762 0.0258311
0.0253126 0.0242996 0.0232361 0.0220489 0.0212123 0.0201964 0.0193907 0.0190953 0.0191991 0.0193718 0.0208641 0.0244205 0.0291929 0.0340298 0.0207741 0.0389309 0.482276 0.414606 0.512278 0.208531 0.647746 0.616521 0.570727 0.805612 0.577641 0.329905 0.0178245 0.0170763 0.0162319 0.0152843 0.014197 0.012857 0.0110112 0.00835664 0.00686727 0.00618959 0.00769336 0.00805639 0.00813975 0.00948035 0.0148899 0.0171321 0.0184417 0.0190921 0.0200119 0.0214338 0.0230364 0.0244748 0.0255397 0.0262179 0.0266408 0.0269779 0.0322021 0.0309635 0.0293727 0.0290855 0.0339572 0.059005 0.0224581 0.0328335
0.0268013 0.0259097 0.0249531 0.0239082 0.0229787 0.0220299 0.0211679 0.0205848 0.020334 0.0331698 0.0281085 0.0266486 0.0282438 0.340319 0.0974522 0.586466 0.842459 0.603485 0.613725 0.711829 0.854942 0.559546 0.567859 0.604889 0.388148 0.0181558 0.0175508 0.0168422 0.0160296 0.0151288 0.0141597 0.0130837 0.0115297 0.00717522 0.00355626 0.00811037 0.00618959 0.00536849 0.00505986 0.0142244 0.0176432 0.0181223 0.0187326 0.018803 0.0200324 0.0219853 0.0238166 0.0251613 0.0259175 0.0262477 0.0264325 0.0266936 0.0361504 0.0291061 0.0270681 0.0282169 0.0377107 0.0453591 0.0368653 0.0399379
0.0280763 0.0273221 0.0264836 0.025562 0.024652 0.0237404 0.0228692 0.0390846 0.0316286 0.0193493 0.0365594 0.346673 0.619662 0.191173 0.662026 0.770989 0.795851 0.793647 0.675385 0.751119 0.592826 0.645875 0.585269 0.342993 0.0182265 0.0177643 0.01722 0.0165602 0.0157669 0.0148502 0.0138816 0.0131036 0.0131572 0.0149541 0.0124815 0.00869268 0.0139923 0.0194134 0.0232045 0.0144107 0.0195463 0.0176034 0.0183827 0.0179078 0.0203415 0.0230251 0.0248271 0.0257855 0.0260137 0.0259359 0.0259798 0.0263254 0.0429864 0.0181312 0.0241427 0.0287481 0.0446607 0.0514481 0.0108395 0.0236213
0.0291553 0.0285444 0.0278332 0.0270323 0.0261918 0.0304686 0.0416882 0.026078 0.0292828 0.0252271 0.0155829 0.598058 0.644861 0.384553 0.795194 0.749925 0.852053 0.707644 0.701652 0.57486 0.641554 0.446288 0.151587 0.0180957 0.0176975 0.0172864 0.0168177 0.0162384 0.0154991 0.0145505 0.0133019 0.0115396 0.00910029 0.00905094 0.00612804 0.0130787 0.00760743 0.0118829 0.0114137 0.0248199 0.0227071 0.0141219 0.0181755 0.0163513 0.0216956 0.0247123 0.0258484 0.0260707 0.0255926 0.0251996 0.0253704 0.0260314 0.0307014 0.0295562 0.0281922 0.0321229 0.0554551 0.0254517 0.0169768 0.0155733
0.0300594 0.0295895 0.0290094 0.0283311 0.0413498 0.0326006 0.0199264 0.0223109 0.038894 0.0155829 0.154288 0.628586 0.836277 0.683634 0.628976 0.358528 0.774229 0.675754 0.558019 0.489372 0.335925 0.0113702 0.0267351 0.0174934 0.0170809 0.0166986 0.0163057 0.0158396 0.0152433 0.0144974 0.0135871 0.0121314 0.00671739 0.00949306 0.00797511 0.00701545 0.0110151 0.0135381 0.00894028 0.0171144 0.0194546 0.0310123 0.020548 0.0128745 0.0251612 0.0267348 0.0263019 0.0256453 0.0244217 0.024107 0.0248718 0.0260394 0.0341967 0.0277679 0.0261154 0.0351102 0.0459432 0.0205095 0.027597 0.0126014
0.0308108 0.030474 0.0303053 0.0296118 0.018161 0.0268538 0.0240375 0.0235516 0.0325409 0.152716 0.26484 0.646999 1.01947 0.897065 0.485241 0.767158 0.880389 0.599278 0.264173 0.151076 0.288138 0.017914 0.0173867 0.0168635 0.0163898 0.0159885 0.0156387 0.0152669 0.0147767 0.0141559 0.0137451 0.0146678 0.0185959 0.00957057 0.00603855 0.00984156 0.0123374 0.014379 0.0235734 0.021396 0.0206822 0.0207199 0.0321775 0.039695 0.0322148 0.0276137 0.0252021 0.0242819 0.0223687 0.0230595 0.0249443 0.0265282 0.0401559 0.017837 0.0236238 0.0416186 0.0243122 0.0335818 0.0144063 0.0200757
0.0411738 0.0535008 0.0612206 0.0486502 0.0552059 0.0439468 0.0358619 0.0307013 0.320577 0.438593 0.764414 0.962659 1.01492 0.817946 0.696951 0.735454 0.733073 0.457028 0.0184198 0.0182308 0.0178973 0.0174291 0.0168607 0.0162483 0.0156623 0.0151733 0.0148148 0.0145326 0.0141399 0.0132971 0.0114899 0.00766123 0.0153396 0.0117624 0.00777646 0.0107555 0.0129842 0.0149531 0.016614 0.0179607 0.0190361 0.0198986 0.0206035 0.0211964 0.0209626 0.0210681 0.021706 0.0225734 0.0193567 0.0229969 0.026042 0.0274111 0.0277568 0.0276724 0.027502 0.0264839 0.0399817 0.0196437 0.0231998 0.0235968
0.0342777 0.0210755 0.0131753 0.0364921 0.0222353 0.0353172 0.294206 0.336207 0.563019 0.747208 0.917432 1.11337 0.998978 0.792181 0.763379 0.577312 0.327696 0.0175449 0.0176241 0.0175716 0.0173522 0.0169513 0.016384 0.0156956 0.0149597 0.0142887 0.0138119 0.0136148 0.013631 0.0135499 0.0128267 0.0111197 0.00739197 0.241852 0.0113429 0.0114311 0.0135295 0.0155299 0.017084 0.0182536 0.0191484 0.0198586 0.0204482 0.0209601 0.0198652 0.0203345 0.0215367 0.0226612 0.0140952 0.0254119 0.028139 0.0281242 0.0275024 0.0269797 0.0267162 0.0247482 0.0247875 0.0321197 0.0255675 0.0232705
0.0319758 0.0274705 0.0221195 0.0305774 0.0361066 0.477362 0.446608 0.501109 0.76589 0.886245 0.79533 0.677352 0.765164 0.589327 0.0658023 0.215879 0.0161505 0.0164025 0.0166293 0.0167489 0.0167002 0.0164367 0.0159439 0.0152424 0.0143712 0.0134304 0.012597 0.0121342 0.0122629 0.0128508 0.0129319 0.0123207 0.0105929 0.00660916 0.0178657 0.00968304 0.014047 0.0161887 0.017498 0.0184051 0.0190978 0.0196703 0.0201726 0.0206329 0.0177182 0.0199343 0.0218935 0.0229938 0.0347824 0.032151 0.0300497 0.0275145 0.026236 0.0258056 0.0258113 0.0218057 0.024139 0.0374654 0.0147868 0.0198153
0.032337 0.0302871 0.109502 0.166654 0.329093 0.491791 0.684742 0.830672 0.590965 0.215207 0.328008 0.369687 0.368556 0.220532 0.0138823 0.0143229 0.0146969 0.015001 0.0153679 0.0156812 0.0158561 0.0158063 0.0154791 0.0148777 0.0139829 0.0128246 0.0114925 0.0102712 0.00983166 0.0111764 0.0120341 0.0123677 0.0118038 0.00900691 0.0129467 0.014898 0.0161309 0.0170211 0.0177256 0.0183213 0.0188503 0.0193372 0.0197969 0.0202387 0.0126967 0.0210897 0.0229344 0.023317 0.0233643 0.0286726 0.0271572 0.0239765 0.0241922 0.0246952 0.0251602 0.0155492 0.0255914 0.026094 0.0238543 0.0229413
0.0557985 0.0852399 0.167441 0.248855 0.369946 0.424803 0.497043 0.461579 0.444976 0.155077 0.154406 0.160022 0.0194862 0.0244017 0.0119353 0.0125194 0.0130249 0.0132916 0.0137633 0.0142686 0.0147101 0.0149505 0.0148727 0.0144993 0.0137542 0.0126041 0.0109531 0.00864627 0.00506946 0.00805336 0.00989136 0.0113325 0.0125708 0.0136611 0.014619 0.0154548 0.016184 0.0168263 0.0174025 0.0179312 0.0184271 0.0189007 0.0193588 0.0198061 0.0301139 0.0260653 0.023922 0.0229611 0.0226698 0.0325341 0.0248688 0.0193188 0.0237021 0.0245098 0.0249531 0.0468511 0.031837 0.0259534 0.0205129 0.021189
0.042063 0.103625 0.19751 0.226592 0.268218 0.466835 0.545385 0.107644 0.186134 0.190004 0.199951 0.0448324 0.0318785 0.00899878 0.00943367 0.010253 0.0111562 0.0112119 0.0117174 0.0123758 0.0131142 0.0137421 0.0139721 0.0139355 0.0134906 0.0126296 0.0112093 0.00904246 0.00539527 0.00787452 0.00953432 0.010962 0.012228 0.0133306 0.0142737 0.0150763 0.0157671 0.0163764 0.0169304 0.0174489 0.0179446 0.0184252 0.0188949 0.0193561 0.0198105 0.0202598 0.0207055 0.0211488 0.0215905 0.0393484 0.010396 0.00851758 0.0266825 0.0246149 0.0247182 0.0246888 0.0242314 0.0167971 0.0107378 0.0210397
0.0422828 0.11183 0.236212 0.25664 0.303393 0.312521 0.328146 0.00355626 0.229536 0.269839 0.0566681 0.0541884 0.0429099 0.00563231 0.00556842 0.00668537 0.00916571 0.00863155 0.00905601 0.00976058 0.0108007 0.01203 0.0126002 0.0130013 0.0129197 0.0124593 0.0114121 0.00962088 0.00625736 0.00728415 0.00892707 0.0105055 0.0118572 0.0129693 0.0138765 0.014629 0.0152761 0.0158576 0.016401 0.0169226 0.0174303 0.0179274 0.0184153 0.018895 0.019368 0.019836 0.0203006 0.0207629 0.0212233 0.0322504 0.0135999 0.00897294 0.0355781 0.02154 0.0241336 0.023967 0.0238547 0.0359235 0.0440767 0.0267527
0.0397683 0.331707 0.286647 0.366148 0.536291 0.364566 0.174135 0.141448 0.0684658 0.332211 0.0588153 0.0630294 0.0586981 0.0358009 0.00842747 0.00833223 0.00728351 0.00498728 0.00516234 0.00565012 0.00688171 0.00956988 0.010486 0.0115406 0.0118628 0.0119213 0.0113561 0.0102341 0.00825803 0.00495772 0.00810842 0.0100813 0.0115025 0.0125677 0.0133987 0.0140864 0.0146956 0.0152662 0.0158185 0.0163601 0.016892 0.0174133 0.017924 0.0184254 0.0189195 0.0194086 0.0198944 0.0203777 0.0208584 0.0213353 0.0218071 0.031638 0.0277853 0.0353197 0.0257994 0.0230761 0.0221671 0.0259535 0.0250613 0.0417177
0.424906 0.44863 0.442929 0.50082 0.356401 0.197352 0.0338179 0.0372504 0.0148989 0.552992 0.0539812 0.0668572 0.0739512 0.0345323 0.0096351 0.00864357 0.00623318 0.00820549 0.00822967 0.00817816 0.00776142 0.00559516 0.00674999 0.00929945 0.0100302 0.01081 0.0106972 0.0100758 0.00835015 0.00507662 0.00805168 0.00988252 0.0111463 0.0120634 0.0127865 0.0134185 0.0140176 0.0146081 0.0151944 0.0157723 0.0163373 0.0168874 0.0174234 0.0179484 0.0184658 0.0189786 0.0194882 0.0199946 0.0204966 0.0209926 0.0214809 0.0219602 0.0224297 0.0364751 0.019978 0.0190152 0.020382 0.0286198 0.0234217 0.0227049
0.299121 0.444175 1.03364 0.275927 0.0247001 0.0234547 0.0265068 0.0088428 0.0242946 0.335201 0.0353956 0.058541 0.0970801 0.0465608 0.0625172 0.0101606 0.00959949 0.0102079 0.010064 0.00974904 0.00912611 0.00812226 0.00768029 0.00552418 0.00657761 0.00894086 0.00938822 0.00967327 0.00846664 0.00541521 0.0078668 0.00951722 0.0105787 0.0113354 0.0119811 0.0126104 0.0132522 0.013902 0.014545 0.0151697 0.0157711 0.0163506 0.0169129 0.0174637 0.0180077 0.0185475 0.0190836 0.0196147 0.0201386 0.0206533 0.021157 0.0216489 0.0221288 0.0225975 0.0326845 0.0169745 0.0208393 0.0342701 0.0151554 0.021166
0.78653 0.775803 0.118852 0.0262335 0.0252201 0.0189441 0.0352623 0.0133592 0.00672386 0.334419 0.445221 0.539601 0.201413 0.045964 0.0612346 0.101558 0.0115727 0.0116936 0.011429 0.0110089 0.0104096 0.0096977 0.00906429 0.00805734 0.00759041 0.00547625 0.00645967 0.00869208 0.00850392 0.00630755 0.0072531 0.00889679 0.00969522 0.0103112 0.010965 0.0116823 0.0124314 0.0131738 0.0138847 0.0145563 0.0151918 0.0158 0.0163904 0.016971 0.0175462 0.0181171 0.0186824 0.0192391 0.0197845 0.0203164 0.0208339 0.0213368 0.0218262 0.0223033 0.0227701 0.0240025 0.0232925 0.0239424 0.0244871 0.0249799
0.444634 0.235781 0.126069 0.0265851 0.0295037 0.0309342 0.0276414 0.0163399 0.00924706 0.0178047 0.160816 0.226345 0.323563 0.44272 0.776309 0.203404 0.181331 0.01289 0.0125555 0.012107 0.0115606 0.0109681 0.0103699 0.00966914 0.00905943 0.00813021 0.0077777 0.00613094 0.00798148 0.00757428 0.00603519 0.00806802 0.00830214 0.00889723 0.00975356 0.0106854 0.0115972 0.0124434 0.0132157 0.0139258 0.0145915 0.01523 0.0158542 0.0164714 0.017084 0.0176902 0.0182862 0.0188681 0.0194331 0.0199802 0.0205094 0.0210221 0.02152 0.0220056 0.0224815 0.0229504 0.0234151 0.0238776 0.0243387 0.0247971
0.136858 0.02048 0.0219592 0.0224865 0.0273898 0.0333851 0.0346622 0.0200746 0.0141043 0.0100102 0.00792781 0.0116167 0.073068 0.424127 0.187791 0.228624 0.218656 0.203735 0.0135414 0.0130974 0.0125987 0.0120734 0.0115281 0.0109363 0.0103284 0.00958329 0.00880715 0.00734802 0.00530824 0.00603519 0.00776894 0.00723161 0.00558039 0.00697857 0.00844063 0.00969804 0.0107807 0.0117081 0.012521 0.0132608 0.013959 0.0146366 0.0153052 0.0159688 0.0166253 0.0172694 0.0178957 0.0185004 0.0190822 0.0196417 0.0201809 0.0207025 0.0212092 0.021704 0.0221903 0.0226712 0.0231496 0.0236271 0.024103 0.0245741
0.017382 0.0165261 0.0143687 0.0146176 0.0182842 0.0315398 0.0438583 0.0237592 0.0160463 0.0130746 0.00774803 0.0129038 0.100063 0.0857818 0.132267 0.155154 0.197715 0.229383 0.160886 0.0140046 0.0135421 0.0130576 0.0125475 0.0119966 0.0113957 0.0106924 0.00988151 0.00883055 0.00783167 0.00725126 0.00513663 0.00558039 0.00671434 0.00485494 0.00726693 0.00877302 0.00996409 0.0109277 0.0117647 0.0125399 0.0132864 0.0140209 0.0147493 0.0154696 0.0161745 0.0168563 0.0175097 0.0181331 0.0187279 0.0192976 0.0198459 0.0203765 0.0208928 0.0213985 0.0218973 0.0223928 0.0228876 0.0233821 0.0238736 0.0243561
0.0181972 0.0163268 0.0127213 0.00677587 0.0315088 0.0398277 0.0221805 0.0287155 0.0174938 0.0154724 0.0112892 0.0151908 0.0546223 0.0511037 0.0683901 0.110641 0.194539 0.227319 0.248775 0.170384 0.0144042 0.0139439 0.013454 0.0129225 0.0123372 0.0116783 0.0109495 0.0101556 0.00941945 0.00871469 0.00765394 0.00697857 0.00485494 0.00476951 0.00629354 0.00777436 0.00905055 0.0100268 0.0109049 0.0117491 0.0125758 0.0133919 0.0141965 0.014981 0.0157345 0.0164495 0.0171239 0.0177608 0.0183657 0.0189444 0.0195023 0.0200432 0.0205712 0.0210901 0.0216043 0.0221175 0.0226316 0.0231448 0.0236513 0.0241418
