depth-data/MillBrook/outs/Millbrock2_10m_WLRaster_WLPEAK.asc
ncols 		200
nrows 		200
xllcorner 	241000
yllcorner 	51000
cellsize 	10
NODATA_value 		0
[rows 0 to 29 of 200, columns 67 to 133 of 200]
24.5127 22.6814 24.9701 28.4444 32.4212 36.2804 39.5369 43.0684 47.0898 50.6761 52.9097 53.5029 53.5325 53.1056 52.0651 50.6964 48.865 46.6358 44.2166 41.7597 38.5053 34.8259 31.3438 28.7442 26.2127 28.0938 29.9191 32.7617 35.9523 39.3849 42.735 45.2602 46.4682 47.437 48.1825 48.7018 49.0321 49.1286 49.2319 49.1577 48.9447 48.6108 48.4727 48.2475 47.9024 47.5799 47.2349 46.8624 46.3474 45.6899 44.9149 43.9049 42.6849 41.3749 40.1099 38.8124 38.0449 36.8674 35.9974 34.9149 33.7074 32.5874 31.5774 30.6649 29.7049 28.6474 27.3824
25.3938 24.7927 26.6947 30.2816 34.3158 37.9751 41.4241 45.3231 49.3494 52.6806 54.5067 55.1526 55.1926 54.7131 53.8023 52.531 50.8894 48.8127 46.576 44.2716 40.9047 37.1728 33.2931 30.1434 28.5689 28.4123 30.1032 33.2751 36.7889 38.7428 40.549 42.7624 44.3006 46.4133 48.6167 49.1664 49.546 49.5476 49.4896 49.2534 48.8053 48.1666 47.8691 47.5601 47.0942 46.5612 46.0509 45.6058 45.0457 44.4457 43.6806 42.7506 41.5681 40.3606 39.1806 38.0806 37.0506 36.1681 35.2331 34.1631 32.9356 31.9181 30.9956 29.9931 29.0156 27.9631 26.7631
25.6263 25.8749 28.8443 32.6587 36.5705 40.4897 43.8738 47.9528 51.7215 54.5576 56.0485 56.7768 56.893 56.1729 55.1694 53.9103 52.3862 50.5745 48.5853 46.2435 42.7316 38.9295 34.9198 31.3375 29.5258 28.901 30.4752 33.3819 37.1786 40.6328 43.9744 46.2283 47.9521 48.501 48.7557 48.7558 49.8018 50.3691 50.1017 49.7104 49.1215 47.9359 47.5775 47.03 46.3607 45.642 44.9938 44.3984 43.8281 43.0955 42.3304 41.4478 40.4178 39.2703 38.2228 37.2853 36.4553 35.4978 34.2303 33.1753 32.1603 31.2303 30.2203 29.1903 28.1953 27.1228 26.0303
25.7169 28.1445 31.6489 35.2632 39.055 42.7368 46.616 50.7275 54.0462 56.1321 57.265 57.7295 57.7115 56.9973 56.036 54.8068 53.3427 51.6761 49.8845 47.5752 44.0008 40.1937 36.1589 32.449 30.3778 29.3225 30.9649 33.7191 37.2408 40.955 44.1866 46.9281 48.912 50.2806 51.1364 51.5509 51.3222 50.3699 50.5818 50.1946 49.4533 48.2727 47.5549 46.7618 45.9132 44.9922 44.0663 43.2732 42.5202 41.76 40.9873 40.1447 39.2546 38.2271 37.2595 36.352 35.4145 34.322 33.2995 32.2345 31.2995 30.4645 29.527 28.4795 27.437 26.327 25.2295
28.4647 31.2215 34.4434 38.0877 41.7795 45.5613 49.3005 53.1647 55.5685 57.0994 57.8695 58.2386 58.057 57.4148 56.5097 55.4528 54.024 52.4953 50.7037 48.2794 44.83 41.0777 37.0276 33.3076 31.0605 29.6365 31.492 34.2413 37.808 41.4197 44.7887 47.6902 49.8941 51.5204 52.4616 52.885 52.8902 52.6182 52.0319 50.3949 49.6227 48.5797 47.547 46.6224 45.5397 44.4315 43.3308 42.2902 41.4397 40.5293 39.749 38.9713 38.0487 37.1836 36.2736 35.3735 34.406 33.3835 32.4035 31.381 30.5085 29.586 28.7335 27.8035 26.6785 25.3285 24.1985
31.5942 34.4761 37.6929 41.2521 44.9239 48.5306 52.2299 55.2442 56.6782 57.6243 58.1339 58.1174 57.8902 57.3229 56.6186 55.6328 54.4877 53.1445 51.1978 48.8235 45.2864 41.4639 37.5084 33.976 31.8392 30.403 32.2192 35.0759 38.6401 42.3043 45.7409 48.7223 51.1936 52.6572 53.4932 53.8866 53.8907 53.5605 52.9709 51.9708 50.7983 48.5706 47.5587 46.4745 45.2115 44.002 42.777 41.5792 40.4688 39.4334 38.6281 37.9628 37.1327 36.26 35.3525 34.3299 33.3624 32.3773 31.3498 30.5448 29.7598 28.7623 27.7823 26.8223 25.9123 24.9548 23.6748
34.6213 37.5706 40.9799 44.6241 48.2933 51.6399 54.9141 56.9084 57.7328 58.2195 58.3786 58.1119 57.7155 57.1406 56.5162 55.6174 54.6146 53.479 51.7015 49.3449 45.71 41.757 37.6883 34.1517 31.8408 31.1644 33.2114 36.1081 39.6522 43.3189 46.6754 49.6569 51.9481 53.319 54.0496 54.2345 54.144 53.7673 53.1683 52.3502 51.305 49.8724 47.1429 46.2519 44.9661 43.5321 42.1201 40.8076 39.6625 38.6548 37.8195 37.0642 36.2265 35.2139 34.1638 33.0987 32.1961 31.3686 30.4385 29.731 28.631 27.966 27.066 26.196 25.221 24.2035 22.9285
37.7958 40.7602 44.2495 48.0236 51.6327 54.5316 56.8906 58.1522 58.629 58.7506 58.5953 58.2058 57.6344 57.0193 56.3055 55.4202 54.5277 53.5035 52.0539 49.751 45.9805 41.8261 37.6888 34.3328 31.842 31.9394 34.2136 37.1502 40.6968 44.3559 47.7375 50.5165 52.6177 53.786 54.4235 54.5036 54.237 53.7973 53.1446 52.2327 51.0355 49.5831 47.9337 45.6445 44.6023 43.1791 41.6951 40.2906 39.1133 37.9733 36.9656 36.033 35.0403 33.9826 32.9775 31.9924 31.1073 30.4697 29.6547 28.7921 27.9421 27.0946 26.1671 25.1621 24.1621 23.2571 22.3946
40.9952 43.9496 47.394 51.0957 54.4072 56.8459 58.557 59.2632 59.4124 59.2645 58.9274 58.3471 57.6463 56.9546 56.0781 55.1236 54.2041 53.3289 52.0243 49.773 45.9821 41.658 37.5085 34.7314 31.8606 33.0792 35.3058 38.2848 41.7939 45.5429 48.8869 51.5109 53.2573 54.1433 54.474 54.436 54.0871 53.6526 52.9636 52.0393 50.8398 49.34 47.432 45.1951 44.1168 42.8097 41.2304 39.7485 38.4389 37.1591 35.9691 34.919 33.8589 32.8812 32.0211 30.991 30.1534 29.4558 28.6732 27.8982 26.9907 25.9706 25.0631 24.1706 23.3631 22.7681 22.0656
44.2671 47.134 50.3084 53.7577 56.7442 58.6704 60.0111 60.4235 60.3407 59.9338 59.2962 58.5656 57.7497 56.9334 55.9224 54.8735 53.8969 52.8075 51.5255 48.9857 45.344 41.1309 37.1907 34.4699 33.14 34.4214 36.628 39.672 43.2835 46.9599 50.1587 52.5276 53.8743 54.4063 54.4736 54.2637 53.7941 53.1845 52.3226 51.2382 50.0186 48.444 46.7539 45.2153 43.3689 42.1337 40.6026 39.1236 37.7167 36.3071 35.1248 34.0723 32.9473 31.9972 31.1596 30.302 29.3494 28.5143 27.6418 26.7067 25.8267 24.8716 23.9241 23.1166 22.3491 21.7591 20.6316
47.1363 50.4207 53.2777 56.2196 58.7339 60.6177 61.5559 61.7852 61.4598 60.7651 59.8647 58.8664 57.9128 56.9192 55.7879 54.6409 53.4818 52.1346 50.3886 47.5631 44.1908 40.2593 36.8909 34.3974 34.3293 35.6437 38.1203 41.2918 44.8956 48.4719 51.4955 53.6089 54.5048 54.7213 54.5475 54.1162 53.4879 52.7111 51.6802 50.465 48.9701 47.5528 45.6679 44.0042 42.8026 41.5216 40.0527 38.5698 37.2625 35.7402 34.4429 33.4681 32.4006 31.3406 30.4381 29.5255 28.5104 27.6128 26.6602 25.6152 24.6401 23.6651 22.7625 22.015 21.3175 20.5 19.5075
50.7581 54.1523 57.5492 60.1887 61.7133 62.4548 62.9864 62.9587 62.4867 61.5589 60.4481 59.3045 58.1983 57.0469 55.8403 54.5797 53.0522 51.5584 49.2458 46.2667 42.8735 39.3285 36.7942 34.4125 35.2144 37.001 39.6775 42.939 46.5329 49.9966 52.8026 54.5631 55.295 55.1584 54.8008 54.1778 53.4445 52.5195 51.3476 50.0349 48.1089 46.7862 45.3865 44.3932 42.2846 41.0149 39.5674 38.1843 36.9176 35.4298 34.2243 33.0216 31.819 30.7865 29.8239 28.8364 27.8938 27.0237 26.0036 24.8611 23.861 22.851 21.9584 21.1909 20.5359 19.7984 18.9083
55.5449 58.3113 61.0729 62.9948 63.6949 63.9505 64.0761 63.8179 63.2379 62.2998 61.0737 59.8425 58.5886 57.2821 55.998 54.6713 52.9306 51.0522 48.417 45.2662 41.833 38.6252 35.7704 35.2341 36.3516 38.4808 41.3348 44.6113 48.2276 51.5488 54.0849 55.3056 55.6226 55.4312 55.0012 54.3531 53.5047 52.5111 51.0412 49.5531 48.1111 47.0098 45.6447 44.2873 42.8453 40.7209 39.2545 37.8985 36.5912 35.4095 34.1622 32.9087 31.7101 30.6517 29.7134 28.649 27.5992 26.5654 25.3016 24.0419 23.1681 22.05 21.2871 20.5194 19.7143 18.9217 18.0042
59.9943 62.263 64.734 65.6874 65.7865 65.5454 65.2754 64.7898 64.0665 63.0204 61.8217 60.5354 59.1639 57.7348 56.3781 54.6988 52.9052 50.6778 47.9227 44.6749 41.157 38.2467 35.7715 36.0474 37.5939 40.0305 43.0021 46.361 49.9623 52.9935 54.9895 55.6854 55.8829 55.7066 55.2441 54.5659 53.6499 52.5737 51.1499 49.9634 48.2091 47.0854 45.6033 44.0963 42.649 40.3795 38.8766 37.7312 36.5977 35.4299 34.2362 32.8827 31.5479 30.7692 29.6302 28.1215 26.8195 25.679 24.5452 23.5256 22.4575 21.1299 20.2105 19.6743 18.8733 18.1431 17.4096
63.6714 66.2674 68.3106 68.8101 68.4763 67.774 67.3186 66.5354 65.5394 64.3158 62.9445 61.4556 59.9816 58.4249 56.8682 54.9313 52.911 50.5448 47.6603 44.2566 40.7471 37.7823 35.9542 37.0473 38.8386 41.3778 44.4718 47.9033 51.137 53.8606 55.5164 56.1323 56.2138 55.9523 55.492 54.8137 53.8151 52.5914 51.3475 50.0634 48.157 47.0048 45.4629 43.9151 42.5748 40.6053 39.0187 37.7919 36.6744 35.4525 34.1925 33.0468 31.6582 30.754 29.5658 28.0776 26.7295 25.4421 24.4457 23.382 22.205 21.149 20.2651 19.5324 18.7153 17.9428 17.2573
67.9236 70.2821 71.6729 71.953 71.3719 70.582 69.9491 69.0308 67.7498 66.3237 64.8123 63.0433 61.2142 59.47 57.4732 55.3388 53.0168 50.4926 47.413 44.0202 40.6211 36.9776 36.2966 37.94 39.8858 42.6125 45.7966 49.173 52.2793 54.7627 56.2831 56.8324 56.7808 56.3831 55.7349 55.0315 54.0328 52.8639 51.6075 50.4334 48.1566 46.944 45.4554 43.929 42.6338 41.4918 39.6095 37.8536 36.826 35.5714 34.2894 33.0616 31.9626 30.72 29.5802 28.2455 26.7631 25.4543 24.4279 23.3963 22.354 21.349 20.5125 19.6308 18.7072 17.8951 17.1975
72.2331 74.109 74.9974 75.064 74.4803 73.5977 72.8822 71.8463 70.4927 68.9665 67.295 65.3535 63.2168 61.0425 58.3681 55.9211 53.3216 50.4889 47.3437 44.0026 40.8221 37.4615 37.3047 38.8131 40.8955 43.7121 47.1012 50.4878 53.6066 55.9851 57.3606 57.735 57.4609 57.0357 56.5476 55.7941 54.8778 53.7665 52.4149 50.9858 50.0167 47.2225 45.8608 44.3915 43.0073 41.8105 39.6713 38.1646 37.0228 35.821 34.5917 33.4174 32.3055 31.1685 30.0989 28.8866 27.2942 26.0565 25.0287 23.9583 22.9551 21.8893 20.966 19.9951 18.9516 17.9556 17.1723
76.3927 78.0383 78.525 78.2687 77.6238 76.6809 75.8627 74.6492 73.2256 71.5767 69.8452 67.9435 65.6068 62.8724 59.728 56.7659 53.6414 50.5046 47.2821 44.0271 40.8741 38.2391 38.0905 39.6719 41.7751 44.8016 48.2308 51.5174 54.7088 57.6124 58.5455 58.7826 58.3611 57.9785 57.5777 56.8317 55.9029 54.8189 53.4324 51.8757 50.4391 47.8124 46.6757 45.1515 43.6748 42.353 40.8538 38.9146 37.2954 36.2686 35.0593 33.8349 32.6855 31.5859 30.5037 29.4413 28.4137 27.8009 25.4928 24.5647 23.5763 22.5804 21.6044 20.4984 19.4499 18.2786 17.3329
80.2176 81.3133 81.4402 81.1491 80.5793 79.709 78.8332 77.4746 75.8433 74.0444 72.1653 70.186 67.8317 64.7823 61.3703 57.6632 54.0661 50.6689 47.3793 44.3096 41.14 38.6804 38.8555 40.0545 42.6374 45.6836 49.8052 53.107 56.2259 58.5845 59.7004 59.8729 59.4865 59.0212 58.6629 57.9092 57.0403 56.0163 54.6847 53.1681 51.639 49.2773 47.6781 46.1539 44.5473 43.0381 41.6964 39.4222 37.6755 36.7212 35.5544 34.3674 33.2079 32.0807 30.9809 29.8833 28.878 28.1924 26.4992 25.2383 23.7923 23.1987 22.1952 21.1691 19.9706 18.8414 17.7562
83.2522 83.9884 84.1332 83.9274 83.2775 82.4845 81.6536 80.2074 78.341 76.3895 74.3178 72.186 69.6516 66.4046 62.755 58.7179 54.7757 51.1886 47.9314 44.9718 42.3046 39.99 39.3152 41.069 43.5524 47.1655 50.7794 54.5689 58.0154 60.2439 61.1698 61.2362 60.757 60.2265 59.733 58.9992 58.1352 57.1962 56.0096 54.6405 53.0889 51.6522 48.9181 47.3364 45.6323 43.9806 42.4265 40.1323 38.3656 37.3363 36.2094 34.9949 33.7753 32.6155 31.4704 30.3826 29.4371 28.4838 26.9128 25.7442 24.7905 23.6319 22.4457 21.5696 20.5586 19.3909 18.225
86.4589 86.8031 86.9046 86.461 85.8158 84.8076 84.0665 82.6552 80.6361 78.462 76.1527 73.7183 71.1488 67.8318 63.9922 59.8225 55.8154 52.0832 48.7735 45.9339 43.3818 41.4548 39.7439 42.071 44.2603 48.1126 52.1432 56.3031 60.0574 62.1032 62.6225 62.5581 62.0601 61.4816 60.9054 60.1115 59.17 58.2235 57.1769 55.9829 54.5588 53.1447 50.3931 48.7565 46.9599 45.1432 43.3866 41.9174 39.5257 37.9663 36.8319 35.5198 34.3551 33.1826 32.1248 31.0342 29.9084 28.9348 27.4861 26.3698 25.276 24.2397 23.0761 21.875 20.739 19.7082 18.6605
89.4698 89.5213 89.2625 88.6523 87.779 86.6355 85.7542 84.2528 82.2537 80.0144 77.5675 74.8706 71.986 68.7314 64.9993 60.9171 56.9849 53.3203 49.9682 47.0961 44.5065 42.5695 41.5237 42.7188 45.1966 48.7004 52.9114 57.3817 61.2595 63.7007 64.2226 64.0631 63.4799 62.8663 62.1701 61.3112 60.3073 59.2558 58.1993 57.0552 55.7587 54.3647 52.7356 50.289 48.42 46.4534 44.5067 42.815 40.0883 38.9814 38.1168 36.2946 34.9622 33.9519 32.7214 31.6355 30.5818 29.608 28.1915 26.9576 25.8712 24.7449 23.6787 22.5752 21.4243 19.6985 19.042
91.6274 91.5759 91.1708 90.4927 89.5193 88.2157 87.0193 85.4078 83.4986 81.2317 78.7223 75.7052 72.5606 69.3785 65.7938 61.9892 58.317 54.7449 51.3878 48.4458 45.7438 43.9044 42.7453 43.3633 45.6935 49.002 53.0854 57.6139 61.8135 65.0556 66.0479 65.8104 65.1396 64.421 63.5598 62.6234 61.5096 60.4156 59.2567 58.0627 56.7587 55.3647 53.9732 51.5217 49.9176 47.981 45.9294 43.9401 41.5708 39.7663 38.6767 37.7668 35.8516 34.646 33.4951 32.3413 31.2198 30.2507 28.9541 27.6675 26.4635 25.4148 24.1612 23.0201 21.7543 20.3809 19.3721
93.355 93.1937 92.6686 91.843 90.8995 89.4608 88.0918 86.4427 84.6034 82.369 79.6269 76.5348 73.1102 70.0755 66.5958 63.1312 59.759 56.302 52.9349 49.9255 47.2185 45.3543 43.7646 44.0911 45.9959 49.026 52.8081 57.2177 61.951 65.8578 67.8263 67.7148 66.9139 66.038 65.0069 63.9907 62.8268 61.6505 60.3666 59.0426 57.7262 56.3698 55.0158 53.1568 51.4178 49.4962 47.4395 45.1977 43.3058 40.2962 39.3164 38.5339 36.7908 35.3448 34.1809 33.0642 31.9424 30.943 29.7912 28.322 27.2181 26.2121 24.7657 23.6422 22.2765 21.1131 20.0568
94.6578 94.5091 93.8265 92.7958 91.5497 90.2734 88.9093 87.26 85.4406 83.1836 80.364 77.2993 73.7547 70.7075 67.4253 64.2982 61.1461 58.1341 54.8722 51.9103 49.0384 47.0393 45.2619 45.2791 46.4848 49.0938 52.541 56.8664 61.6827 66.0538 68.9159 69.325 68.6731 67.7401 66.5191 65.3379 64.1392 62.8479 61.529 60.1577 58.7738 57.3624 55.901 54.4695 52.5805 51.0314 49.0196 46.6203 44.3882 42.371 39.771 38.9182 37.647 35.983 34.7912 33.6989 32.5842 31.4973 30.4776 28.9859 27.9047 26.629 24.9091 24.0155 22.6476 21.2354 20.1592
95.5661 95.2247 94.4969 93.4361 92.0873 90.8358 89.5016 87.8297 86.0252 83.9181 81.4885 78.2288 74.8716 71.7744 68.5498 65.6177 62.9032 59.9963 56.9844 53.9726 51.0658 48.387 46.9398 46.5376 47.1497 49.4106 52.6455 56.7977 61.5072 65.9012 69.1811 70.3176 69.883 69.0174 67.7139 66.5952 65.334 64.0453 62.7141 61.3053 59.8814 58.3826 56.8262 55.3847 53.4232 52.284 50.5547 48.1277 45.5605 43.4631 40.5729 39.3471 38.3701 36.578 35.2832 34.2377 33.2627 32.1508 31.015 29.3884 28.1953 26.635 24.8694 23.8326 22.6247 21.3682 20.4774
96.3004 95.7555 94.8298 94.0087 93.0998 91.7806 90.3762 88.7593 86.9547 84.895 82.6228 80.2981 76.0409 73.0688 70.1517 67.2972 64.5554 61.7835 58.8643 55.9925 52.9932 50.1226 48.3067 47.3063 48.1777 50.1968 53.1807 57.062 61.6556 66.2039 69.719 71.3579 70.9753 70.022 68.7611 67.7175 66.5039 65.1953 63.8716 62.4854 60.9641 59.3878 57.7464 56.21 54.5159 53.1141 51.6297 49.3676 46.6627 44.4 41.0845 39.8181 39.0069 37.1246 35.6568 34.5219 33.2918 32.1731 30.9255 29.2834 28.1259 26.6293 25.0678 23.9328 23.1539 22.4353 21.373
96.7633 96.2033 95.5475 94.6862 93.5995 92.4452 91.0357 89.5012 87.779 85.8318 83.5946 81.7824 77.6078 74.8457 72.0387 69.1994 66.4051 63.6034 60.7317 57.8625 54.8032 51.7611 49.6197 48.5222 49.4751 51.2167 53.9857 57.7896 62.2933 66.8117 70.4896 72.5687 72.3247 71.214 69.9357 68.9024 67.6215 66.3604 65.0218 63.5906 61.9844 60.3106 58.6242 56.9502 55.4711 53.7217 52.2721 50.2172 47.6796 45.3391 43.9007 40.7284 39.5206 37.6206 35.9537 34.5126 33.0897 31.9791 30.7722 29.1351 27.6557 26.7972 25.7955 24.5716 23.7146 22.7957 21.637
96.8812 96.4911 95.9275 95.1384 94.1166 92.9671 91.5976 90.1354 88.5207 86.6935 84.6638 82.8567 79.3571 76.8552 74.2208 71.4091 68.5324 65.6159 62.6367 59.6325 56.3931 53.2732 50.9793 50.0722 50.7625 52.5591 55.2331 58.852 63.1483 67.377 71.0203 73.3156 73.3699 72.6307 71.413 70.3049 68.9791 67.5731 66.1371 64.6034 62.9447 61.2184 59.5045 57.7879 56.3162 54.1566 52.7718 50.8192 48.4562 46.1379 44.3915 40.7415 39.4234 37.6466 35.6412 34.0415 32.6965 31.6595 30.3669 28.921 27.82 27.1272 26.0877 24.7427 23.4806 22.6318 21.7327
96.9048 96.714 96.2198 95.5054 94.5284 93.4339 92.0943 90.6496 89.1648 87.4951 85.6055 83.926 81.029 78.8046 76.2354 73.5289 70.6699 67.6259 64.4892 61.2524 57.8381 54.5968 52.5007 50.4829 52.1674 53.9514 56.6329 60.1544 64.2332 68.2419 71.5703 73.6256 74.1449 73.8058 72.9831 71.9051 70.4719 68.8534 67.2574 65.6487 63.92 62.1437 60.3698 58.6606 57.1087 55.0264 53.2513 51.3808 49.105 46.8587 44.9067 41.2586 38.7705 36.8441 35.1667 33.9334 32.3807 31.676 30.2423 28.9324 27.9729 27.275 26.2198 24.6973 23.1479 22.4614 22.2885
